# Fix print output for fix defX
0.00445734875236259 0.077780799706845 0.0938318698897019 -0.0682439856378029 0.0365649874047727 0.0401674448063415 -0.0446147187386378
0.00480734875236261 -0.273999740955015 0.0123375248931269 -0.0336370907466918 0.00584967439005568 0.0262483410730073 0.0209942588391056
0.00515734875236261 0.119214924091306 0.000197280590159872 -0.0370572909086412 -0.0439524028416032 0.0755994740997294 -0.021263067563102
0.0055073487523626 -0.259615233201571 0.184741279961588 -0.0942138084068554 -0.0361257712948362 0.0681800804547678 -0.0312899168233565
0.00585734875236259 -0.0270941410106669 0.00941283480359067 -0.0432400875055111 -0.0100874335257185 0.164079797792157 -0.0764638644413922
0.00620734875236259 0.0460477284330793 -0.0280087580470638 -0.112772712923511 -0.0229804742273203 0.0793555916729186 -0.0418830227956344
0.00655734875236258 -0.0457987259860291 0.206016372113784 0.0983485295316585 -0.00718143150145207 0.0301058167208171 -0.015324044625896
0.00690734875236257 0.033446976449103 -0.0940908274308273 0.0334835493873979 -0.0288590023277249 0.0782086616680825 0.0202962535813483
0.00725734875236257 -0.0103235246763902 0.118771383969282 0.144831355477381 -0.0229879364452969 -0.0410310001709372 -0.0473299344990078
0.00760734875236256 0.0404413178588947 0.168662280638439 -0.17942472567603 -0.0816719104980711 0.0734393612089015 0.0616839559875831
0.00795734875236255 -0.0908992948522422 -0.100649308113039 0.0991163092636786 -0.0716311162280417 0.0503991867609007 0.0157590007865763
0.00830734875236255 -0.0792327949241992 -0.00785475892108241 -0.0348675686210969 -0.00590664337147179 0.0046756283403674 -0.0333090505100473
0.00865734875236263 0.137263994644961 0.074998644234753 0.0900360952034865 -0.0367027078439224 0.0509777333186921 0.0947238017132184
0.00900734875236263 -0.00515531768000567 0.0441776529802499 -0.0730544468604557 -0.165427920559169 0.0695464394203208 0.019557090032415
0.00935734875236262 0.0149220633998995 0.18089322496396 -0.0539332095377945 -0.0740507323778319 0.064939255858205 -0.0695225536448464
0.00970734875236261 0.00272089920197273 0.0849910561284272 0.0546378605515992 -0.0311393330127774 0.217881816513054 -0.0448836896139753
0.0100573487523626 0.0591770392584619 -0.0347032284602477 0.0414895689642872 0.0117729419954115 0.135810449782929 -0.0134899561159059
0.0104073487523626 -0.00186910998347598 0.0146731836257988 0.0182707957170009 0.000284144510575681 0.161034293278656 -0.0754135045153434
0.0107573487523626 -0.0929243042006066 0.0707986682724554 -0.0128719334956672 -0.0291775054728229 0.0892577949083863 0.0200733546325502
0.0111073487523626 -0.00196727337974898 0.0348042248276851 -0.0532269164464234 0.0209398509043479 0.142393453072086 -0.018718393715016
0.0114573487523626 -0.142304649520283 -0.0309982247953889 -0.0109865494150487 -0.104241092161614 0.00568683806060827 -0.021427226704913
0.0118073487523626 0.0767875670016765 0.16211927187847 0.0840407945254313 0.0538292954670908 0.163225599372248 -0.0599844165404662
0.0121573487523626 -0.126046172777722 -0.049012653223105 -0.123476371916354 -0.0383146541985446 0.112021635224989 0.0358914789447819
0.0125073487523626 0.161511745453261 -0.00272366703972655 0.121315154703688 -0.051136937295358 0.160706811711281 -0.0262994318913182
0.0128573487523626 -0.187719134384972 0.125733286374618 0.10261406505667 0.0615286854871544 0.167272853660363 0.0461755324276225
0.0132073487523625 -0.00105772688873732 -0.122132966977763 -0.158712922283854 -0.00194511636105925 0.0932793563421242 -0.0248729635157756
0.0135573487523625 -0.159045911531643 0.127384010572477 0.0262431606102022 -0.000396692480258071 0.098480900546448 0.029626817197671
0.0139073487523626 -0.00996444088264806 0.0452043082525636 -0.056876096005515 -0.0423282109838806 0.074831301723656 0.00619922480021531
0.0142573487523626 -0.0823465909490762 -0.0138223796264186 -0.076335437547071 0.044804783565871 0.0251882688541882 0.0144583521127198
0.0146073487523626 -0.32313997215812 0.0159417623367811 -0.0995067905828081 0.00400254509872214 0.162065820989385 0.0773487199141816
0.0149573487523626 0.139695496442182 0.0787762398218343 0.00954710327196022 0.00371152252226811 0.134635723240181 0.0593504224387259
0.0153073487523626 -0.116100494298573 0.00396682109779108 -0.0319644879662021 0.023079259690853 0.123034854092378 -0.0139972838719361
0.0156573487523626 -0.124563814583991 0.0849988565396895 -0.0139883358802977 0.0270567463231743 0.0905821786350577 -0.00586102380316689
0.0160073487523626 -0.22587255105799 0.118943797421365 -0.0225563039164572 -0.00571142609095622 0.208125197964617 -0.0890100017518447
0.0163573487523626 -0.0966036579978045 0.00391455470756579 -0.143491004616687 0.139036864077953 0.0962516674483127 -0.061033672856142
0.0167073487523626 -0.0442296418077541 0.144615868978685 -0.0321635019308921 0.00347235095021099 0.194166972540651 0.0446617592336282
0.0170573487523626 -0.0934741619796708 0.0259245064537474 0.158247645024879 -0.0624781593564614 0.140099086840166 -0.0814489069882102
0.0174073487523626 0.00763023687776491 0.0094797214355833 0.0114846022049228 -0.0837859779952701 0.0995746970752994 0.09069802040108
0.0177573487523626 -0.126041502913465 0.148657360451317 -0.0351897157922528 0.0151008337077693 0.190865332271325 -0.0279132361786973
0.0181073487523626 -0.022304617993769 0.135353087803036 0.059564941238065 -0.0414073549746147 0.0825698454160411 -0.0145108631343247
0.0184573487523625 -0.104256956945221 0.0401496408583496 -0.00325860332991082 -0.074301893586028 0.199626972584474 -0.0199155269220411
0.0188073487523626 -0.219352353836791 0.0298708452452914 0.0752204350241558 -0.0649078709228169 0.220748634663061 -0.0429570779674466
0.0191573487523626 0.0187905803399437 -0.0270496397812278 0.0241967761713661 0.0261541253915415 0.141755628322488 0.0619902515364028
0.0195073487523626 -0.0864752818186919 -0.0274270716217084 0.0920007814409828 0.0476876895410736 0.141645376771249 0.0748450063108527
0.0198573487523626 -0.0143179645661129 0.13869352151377 0.0580726067284322 -0.000588369968174265 0.15763950814213 0.0531238542543312
0.0202073487523626 -0.0509252657599976 -0.111208585847591 0.0466227408957663 0.00818655090046551 0.176511628698792 0.00535408945304825
0.0205573487523626 -0.0856457387369557 0.109771191631438 -0.00739545883237682 0.0630555490927109 0.102976979937625 0.061948023425951
0.0209073487523626 -0.0624225361885435 0.0899517563840264 -0.127211502151405 -0.0829554107053636 0.185679211401953 -0.00711369426825918
0.0212573487523626 -0.161589727845113 0.133365600985498 -0.097691724852816 -0.132629186722195 0.231654659903113 0.0389677981945626
0.0216073487523626 -0.182477555651012 0.063054758764194 -0.10585362321835 0.0464786367681852 0.149770864513899 -0.0122477349314669
0.0219573487523626 -0.123636691682576 -0.00561965512363911 -0.0533212527316893 -0.126182652328438 0.110277794643953 0.0810986204861449
0.0223073487523626 0.0600685723760552 -0.0425836683525888 -0.00948816852223933 0.0248631161603007 0.190955667383525 0.0454647240330415
0.0226573487523626 -0.0928121966568138 -0.0348486902559386 0.0565833704059423 -0.0355874825878036 0.282993330658727 -0.0330720241531244
0.0230073487523626 -0.0800713754134177 -0.126310143833794 -0.0476861505842755 0.0739798805283783 0.160177631140134 0.0384987540951379
0.0233573487523626 0.0362779572132166 0.00273589461707736 0.0657308073575727 -0.0655495310682333 0.172732916206406 -0.0562624535970133
0.0237073487523626 -0.235579064352019 -0.00393102455682187 0.041729267045834 0.0908020650696359 0.180980294108117 -0.0279958264648364
0.0240573487523626 -0.0841862586734113 0.0860838169672943 -0.0543611755568088 0.0187602410216188 0.170727081950919 0.0891547536208916
0.0244073487523626 -0.241765255724684 -0.117920619773768 -0.105171643564033 -0.0421858059029327 0.281326414318537 -0.0309550313913062
0.0247573487523626 -0.074352056665917 0.0400000852721657 0.0011683133990602 -0.0174870150175037 0.289950907346538 0.0244221701532789
0.0251073487523626 -0.281553788014654 -0.200184260278739 0.00261552450973599 -0.108471280898499 0.17001466822179 0.0379697122778876
0.0254573487523626 -0.0515182212663891 -0.100199547472871 -0.0023282176234675 -0.0757404853979914 0.272891050355333 -0.061009086339525
0.0258073487523626 -0.0633213116572391 -0.0200689438377542 0.00369169385530647 -0.0829956752602833 0.213402024876667 0.0290242328190635
0.0261573487523626 -0.125005682089468 -0.125982137818154 -0.0268986030489087 0.0648393471064675 0.315381374278814 0.0191480462196972
0.0265073487523626 -0.0249752442056932 0.00302255152519012 -0.0505791293213914 0.0412994004818117 0.126573217924473 -0.0423365891054031
0.0268573487523626 -0.0464428635503971 0.0222185659491076 -0.0541530914021233 -0.0583835517519603 0.183969970489829 0.0494259934792597
0.0272073487523626 0.0628378696587541 -0.0757794547788262 -0.113467281239062 -0.0196302190141222 0.260597897165162 0.0740901406581988
0.0275573487523626 -0.00737200078433572 0.0654189992503074 -0.0880218215810215 -0.00564197056358436 0.191464676690281 -0.0427521526863736
0.0279073487523626 0.0620392827476204 -0.0218703335360506 0.109885496542786 -0.0299658519970939 0.296585744027659 0.0616436972982243
0.0282573487523626 0.0326116974107642 -0.0329242438901789 -0.0508270006130759 -0.066117345916553 0.283910952570157 -0.0397188647351091
0.0286073487523625 -0.122954578335841 -0.120397711278313 0.101323921401767 0.0357284271037367 0.247998716167934 0.0485997048998063
0.0289573487523626 -0.0934792257005892 -0.0163955188008155 -0.062905476587063 -0.0287982854349437 0.310538331124855 -0.0113038432546072
0.0293073487523626 -0.214642670960708 -0.0818077493507741 -0.119459808713788 -0.0082492482402089 0.21662269172867 0.0678528117186659
0.0296573487523626 -0.033446793012101 0.0667282693162626 -0.0738676070181107 0.0552097257318263 0.300970787350798 -0.0312916688944932
0.0300073487523626 -0.128236471173214 0.0152564395109616 -0.0322557582601124 -0.0907606807206477 0.268657470538397 -0.0969540084914283
0.0303573487523626 -0.0311330451591893 -0.0675686044648063 -0.0570669529116642 0.0898104054108904 0.248962461675297 -0.0799984688181626
0.0307073487523626 -0.212152853431047 -0.022684323533406 -0.176136545143085 -0.043784848579879 0.291779919130017 -0.121893503434342
0.0310573487523626 -0.129037541039316 -0.0791152381990371 -0.0516092165708431 -0.0231663897011938 0.192562136075571 0.0484849580893377
0.0314073487523626 -0.098099015447588 0.0927035700826855 0.052090394358976 -0.0168706514237988 0.309523693973008 -0.197300258990789
0.0317573487523626 -0.167170310987942 0.0884464707163018 0.0214775355562531 -0.115759598417001 0.296757177727305 -0.0765961797891967
0.0321073487523626 0.0636105787441918 0.0113885274452431 0.00956461720986934 0.0103642583415327 0.232489114240576 -0.0152303084188734
0.0324573487523626 -0.209808117466559 -0.107820221649419 -0.0787197776498958 -0.163062591574822 0.283920508941283 -0.0999767216793746
0.0328073487523626 -0.0971835156972166 -0.0207237353378376 0.0696345501249224 0.115331628251573 0.276556055692646 0.063553676900368
0.0331573487523626 -0.208017451995912 0.0130626948866349 -0.0828566089738061 -0.00638880455370728 0.325837776054994 -0.0620567111314407
0.0335073487523625 -0.00557131099804196 0.175713615551695 0.030140019924497 0.0733311250197405 0.324736779817912 -0.0834148245476593
0.0338573487523625 -0.077757076306761 -0.00997752792264337 0.016143847884616 -0.136998551670059 0.302683798980896 0.019302810018695
0.0342073487523626 -0.172487149519532 -0.00343676339726822 -0.157489596143483 0.0988319934860177 0.362182513457118 -0.0309106904948178
0.0345573487523626 -0.071726619701862 -0.0499439864097218 -0.10492063779265 -0.0587109840514429 0.213212519881413 -0.0962286068183972
0.0349073487523626 -0.0354758750479977 -0.0680871356121214 -0.0870007251902453 -0.00346739725102982 0.343368345608274 -0.0425902084380458
0.0352573487523626 0.109805562366334 0.155448748847903 0.104092865320329 -0.0609730071572703 0.27479082458449 -0.0452903322203645
0.0356073487523626 -0.159140405335738 -0.191132240736666 -0.192842915670719 -0.0919981879436705 0.413846257606645 -0.0035621408431291
0.0359573487523626 -0.00475334413613793 0.034945143822707 -0.129279597453004 0.0406734332689539 0.269306770932834 -0.0578930666447665
0.0363073487523626 -0.214451373772674 -0.127424257612404 -0.033789784029201 0.014121726630962 0.387563274666307 0.049589508183677
0.0366573487523626 -0.0663370689615233 -0.0757193655587374 -0.0185698870200421 0.0135543397588802 0.264456346277063 -0.0119578900492359
0.0370073487523626 -0.148052132260936 0.0145319393164927 -0.087715776073234 0.0294754340823281 0.442310796701959 0.0271979012512697
0.0373573487523626 0.0501910567155009 -0.0873958304140323 0.00628763374342926 0.0823585215098179 0.393113801862057 0.0350569209512381
0.0377073487523626 -0.220150398082779 -0.0566302419896446 -0.0673880052610267 -0.00504712889089894 0.416738038102123 -0.0756494395399599
0.0380573487523626 -0.0983380458001159 0.0912801411342177 -0.0229774448426753 0.12419202366112 0.323261979643788 -0.00319872728268506
0.0384073487523626 -0.221829450687092 -0.0326319829241768 -0.218381902364205 -0.170169364232342 0.307380329200062 -0.0494544404365889
0.0387573487523626 -0.152680483713799 0.000332746230889721 -0.0536234658606228 -0.000623500968694187 0.400535736845274 0.0132320582313586
0.0391073487523625 -0.171986292601839 0.0335501724939966 -0.255239455467819 -0.0701003203075534 0.265485563800343 0.0480744236729164
0.0394573487523626 -0.13628601706066 0.0735236768520396 -0.080632910284054 -0.119874146322689 0.441330466727326 -0.0645853675931211
0.0398073487523626 -0.185227788480193 0.0863685121884817 -0.154426709505068 -0.0115557597472497 0.420719640403629 -0.0470578414160518
0.0401573487523626 -0.0323111969445522 -0.0929957704334058 -0.114775632535525 -0.0278226009254456 0.354321213848537 -0.018618375202244
0.0405073487523626 -0.0660058390056064 0.150681007209652 -0.0841833149569606 0.107579139738592 0.359013551258623 -0.0137988500558702
0.0408573487523626 0.0108311654680899 -0.200573835165568 -0.172083116207017 0.0423565482804308 0.348906960328232 -0.0504235116663848
0.0412073487523626 -0.211640442622251 0.0880482169176552 0.0565445055974381 0.111268154208473 0.357170072779447 -0.0388712539809479
0.0415573487523626 -0.00526702516133405 -0.0691300429246563 -0.108006980820261 -0.033751210042299 0.445403531313852 -0.00826503037630501
0.0419073487523626 -0.0997741012098927 0.0550204968028394 0.0217934548691985 -0.00313953238041903 0.340620571193661 -0.156465839579646
0.0422573487523626 -0.0431431764792776 -0.0837315631673229 -0.0619861959850024 0.00688495703911961 0.37709410786482 0.0405167951706133
0.0426073487523626 -0.204304257438413 0.0889022479409503 -0.149220491322285 -0.0228521457428311 0.33732983192384 -0.0397321435781726
0.0429573487523626 0.103386901498841 -0.104460966156735 -0.0924165773056995 -0.0162342256337279 0.289063775783181 0.0267312935437821
0.0433073487523626 -0.16153750574726 0.0191333935602618 -0.177852687051036 0.0333861257824444 0.412529107568187 0.056413753658783
0.0436573487523625 -0.142748265761255 0.0416742482434222 -0.151854361018 -4.67043541739642e-05 0.35668902775591 -0.0230886001823301
0.0440073487523626 -0.0909337196033319 -0.0220545477438695 -0.199223806723497 0.0410253327234804 0.411462823514322 -0.0935289511663936
0.0443573487523625 -0.106371246302204 0.199070248182768 -0.0581817554106966 -0.0100919647273353 0.444789981965488 -0.149459253127306
0.0447073487523626 -0.212965756883378 -0.058971541952518 -0.182306596696165 -0.0876731151159792 0.439520295785165 -0.0822692327986422
0.0450573487523626 -0.0399418756454176 0.115454178644837 -0.0959523031494226 -0.0185709903788803 0.387183310212816 -0.0108451753842374
0.0454073487523626 -0.198496064432369 -0.222004794132535 -0.111175371360061 -0.00314865047306405 0.360571458294915 -0.154528331666385
0.0457573487523626 0.0630993581369519 0.082902522340692 0.0716152135281434 -0.0379671481699688 0.386562990335079 0.0605303035660641
0.0461073487523626 -0.209646858038266 -0.0929552764156241 -0.0260279652644797 -0.146445425811673 0.385432797283106 -0.0931720673121777
0.0464573487523626 -0.262796935810134 0.0541152435774508 -0.12026156801653 -0.0358602195169849 0.401899390961158 -0.0316877119986851
0.0468073487523626 -0.0205485273731201 -0.0499841071793239 -0.407281485890348 -0.061079054936063 0.355167139577303 0.0186787556204945
0.0471573487523626 -0.166412608082893 0.0109504599192854 -0.0105423704277205 0.0205984399527522 0.313404714805059 -0.0893645342217827
0.0475073487523626 0.00806859298471505 -0.103027894570934 -0.182859716325398 -0.0213298492239113 0.360727398010054 0.00750765277010284
0.0478573487523626 -0.137190861106152 0.0202089428013499 0.0474439310159461 -0.0132058050239572 0.384633883734813 -0.0889413371197565
0.0482073487523626 -0.0322725811168602 0.0105375148358113 -0.0823669431514107 0.00923323875113775 0.400096160011926 -0.0496374345085726
0.0485573487523626 -0.0130973316221474 -0.0183231953308809 0.0274596736583847 -0.070426791243633 0.34892244488293 -0.0115427933219016
0.0489073487523625 -0.0429538526732056 -0.00781354782469312 -0.143184556985226 -0.000174130669523184 0.368580897528449 -0.135988763175049
0.0492573487523626 -0.158491476461672 -0.0663552283838551 -0.0416795814127646 -0.0240285086800749 0.443976773500929 0.0247550966451297
0.0496073487523626 -0.138774194123155 0.00775975524138012 -0.191822744088444 0.00867259571781872 0.435643306009826 0.00715580967440544
0.0499573487523626 -0.0599645986854286 0.0332043917506588 -0.0957249278320408 -0.0924850317826763 0.436775486976317 0.00687807857394242
0.0503073487523626 -0.145709190603121 0.0364341532837884 -0.191181527502812 0.0149916817653046 0.460405289428824 -0.0906204481567132
0.0506573487523626 -0.096027957861481 -0.0658142426476943 -0.117827714681692 0.0254354014887408 0.466803436111797 -0.135207616950008
0.0510073487523626 -0.133469663982697 0.0352679789147673 -0.100260903845325 -0.0646244570927148 0.417926647694683 -0.0696005637539281
0.0513573487523626 0.00371877512263842 -0.00298341512315939 -0.20189005938689 -0.0285996309297877 0.456513642780203 -0.0265509644017291
0.0517073487523626 -0.171202314171004 -0.0518896354240311 -0.213231174529918 -0.00847642180389163 0.502960184846912 -0.0288301950085556
0.0520573487523626 0.0910825828012827 0.125866448669564 -0.132151569413282 -0.0442447209114166 0.443022056138261 0.0743959500412748
0.0524073487523626 -0.0522844576328173 0.0284396472827395 -0.0817534428556768 0.0184734251777926 0.435853417186538 0.0414046346813321
0.0527573487523626 -0.176489013318509 -0.101735310600227 -0.22371668797756 0.00894825333838917 0.349050871667464 -0.0225373402022496
0.0531073487523626 -0.0929941849384099 0.00802973468113724 -0.056055051788314 -0.0428723105119924 0.37510757120536 0.0383525460770466
0.0534573487523626 -0.0401012425034019 0.0476816130551346 -0.120340641638436 -0.0251692077018323 0.445210740502137 -0.0540488922609773
0.0538073487523625 -0.0794958422638171 -0.247779823332992 -0.0532957663856269 0.00581496505207779 0.426258164869519 -0.150635198795536
0.0541573487523625 -0.260258695961089 -0.0917409723138504 -0.276382079827705 0.0163394622500522 0.515408257298968 -0.0936961290140621
0.0545073487523626 -0.000218307035710826 -0.0134031416152256 -0.0518149639315878 0.0232244711680032 0.449817807544677 -0.0520622222112011
0.0548573487523626 -0.170646247971656 -0.0899842461746247 -0.209772552894575 0.0163668585463155 0.512444451124839 -0.0544220267546692
0.0552073487523626 -0.130554815892966 0.0979058758562791 -0.130725391986125 -0.0718150876878548 0.43570804667856 -0.0188204605516974
0.0555573487523626 -0.0629317661836886 -0.0530445316633355 -0.135613704176649 -0.0192914088400259 0.410198980066171 -0.0715462008036184
0.0559073487523626 -0.0775199806017997 0.0874751456634036 0.00582247533041927 -0.0569422160737751 0.528536750768185 -0.109393068348072
0.0562573487523626 -0.0145281939206639 -0.176912213716594 -0.161111849310352 -0.0468541611778486 0.432556577656896 -0.0456898666999641
0.0566073487523626 0.0330031581160085 0.0247684138113318 -0.0511527212745347 -0.00235969609066242 0.387520844042321 0.0156890975950506
0.0569573487523626 -0.250621208482082 -0.121668225960078 -0.228715531597063 -0.0440153115820779 0.504467000575565 -0.0222287071970271
0.0573073487523626 -0.0865612259692942 0.0708498268916836 -0.0495225064339691 0.0310087782261208 0.412908008120142 0.0293321486126837
0.0576573487523626 -0.131747315318201 -0.148766994422265 -0.201032381721735 0.0192311675095408 0.469601621958378 -0.179778728000036
0.0580073487523626 -0.0372836055873136 -0.127166374899295 -0.177307720253179 0.00120962020078965 0.519860720526305 -0.0240396983523119
0.0583573487523626 0.0124055682402156 0.0591029422069383 -0.0562397479548195 -0.00249512315093471 0.380802073142237 -0.106160927206943
0.0587073487523626 -0.17978118293408 -0.268668119182601 -0.197418117966857 -0.0191910270911569 0.636758020930298 -0.0805446548622827
0.0590573487523626 0.00975289791832566 -0.0570126745650328 -0.107757913976148 0.00839244350560046 0.43132910977106 -0.00203676697610553
0.0594073487523626 -0.0950617851904509 -0.0533905137951252 -0.0407181732289046 -0.0827803536412869 0.551504787180355 -0.106559590782839
0.0597573487523626 0.000547297096072884 -0.0426212003425454 -0.0924501748909352 0.01066496307771 0.52164196286532 0.0269247504924594
0.0601073487523626 -0.149218263639298 -0.0661073968389628 -0.221761301841417 -0.0213879535997871 0.435745848448093 -0.0907873530697014
0.0604573487523626 -0.0696527298364036 -0.0114702609117891 -0.130715994468303 0.0466486621896796 0.444613569906807 -0.0934340603863811
0.0608073487523626 -0.0907750100166289 -0.161123112104978 -0.222855007051333 -0.000516086511489834 0.628756444849461 -0.0550208311095301
0.0611573487523626 -0.0804641775592909 -0.131857815228314 0.0120353900165074 0.04448075561187 0.483465667384988 -0.0508318454632365
0.0615073487523626 -0.018927487623446 -0.0373670463303773 -0.0953139321051902 0.0595630175612814 0.53859929244778 -0.081934234443816
0.0618573487523626 -0.135803312594348 0.0327937591249544 -0.158412716433553 0.0194641031330604 0.481559931315703 -0.0689143895173017
0.0622073487523626 0.077887588031284 -0.0530895460541935 -0.197517136662257 0.0164843416175591 0.527925824527103 0.00961177114835539
0.0625573487523626 -0.019356433435223 -0.0612208864175978 -0.205840480500543 -0.0177622893329334 0.558052650938847 -0.063092049984979
0.0629073487523626 -0.0473777171913155 -0.057275312399721 -0.0351108706307191 0.0169104099213279 0.552062305389099 -0.0306651043160889
0.0632573487523626 -0.0513098516147334 -0.00118403238913454 -0.032912541501881 -0.0171959065049218 0.613875260800828 0.0517468863064574
0.0636073487523626 0.00484877966931503 -0.128898184607814 0.0123248043143693 -0.048301371807866 0.509577382285892 -0.0700228425094265
0.0639573487523625 0.0430182741591209 -0.0132188726063548 -0.0604963045777621 0.0227033418704589 0.640788309754575 0.117705293061812
0.0643073487523626 -0.102638771315488 -0.145096730048198 -0.287226094808995 -0.0743191490134227 0.629070626070614 -0.00316719958898316
0.0646573487523626 -0.128096029259801 -0.174061776260571 -0.144296792886498 0.0125820877864379 0.512089785320358 -0.076793819548772
0.0650073487523626 -0.23034362928061 -0.111921039010099 -0.201459801248239 -0.0104513820117878 0.585948221643896 0.0494670319804419
0.0653573487523626 0.134202653977196 0.0939986286944443 -0.162557625950514 -0.0862065308074788 0.664235601391398 -0.0314410470966797
0.0657073487523626 -0.158780604264715 -0.145619532894986 -0.126946567830016 0.0369350622882257 0.597917836890566 0.0464940503190684
0.0660573487523626 -0.124962822646548 -0.159503622108045 -0.227313880295819 0.00496665305088299 0.579167661880041 -0.0297079956665813
0.0664073487523626 -0.0908821940845116 0.074125053877434 -0.196715238896197 -0.0429131110268846 0.588969978837625 0.0205306625415794
0.0667573487523626 -0.0453887133377111 -0.0581131762676656 -0.106004026321862 -0.0719522600640537 0.533371511762546 0.0696131833695627
0.0671073487523626 -0.025477451613676 -0.0538110454951563 -0.284897819500441 0.0403729871346535 0.500612817799997 0.00711940664481424
0.0674573487523626 -0.239882921181948 0.032275377093717 -0.156024787257118 0.00257401379705286 0.580680018434748 0.0223923003604367
0.0678073487523626 -0.0267712874507452 -0.0773272591048353 -0.112688736625142 -0.0130859952319883 0.560568685137201 -0.100565105350242
0.0681573487523626 -0.0933994596274854 0.0165490472119192 -0.128657112752028 -0.0179215485720405 0.515854877006357 -0.00875047575692769
0.0685073487523626 -0.163998035300252 -0.170819619102853 -0.21460344285478 0.0315195281460775 0.505632407626823 -0.0787734770744757
0.0688573487523625 -0.0605818521603892 -0.132186279263544 -0.178571246321767 -0.068333075383506 0.586079030180215 -0.0274790378981612
0.0692073487523625 -0.0508107054937376 0.099451393950354 -0.10081960870395 0.0604352651749646 0.572512820657542 -0.0712369270743893
0.0695573487523626 -0.143045397137018 -0.0825920235829129 -0.222969508804165 0.000211772693498459 0.671207382401568 -0.0127730660156832
0.0699073487523626 -0.123266058366021 -0.157521726906709 -0.206282322606746 0.0725136339391166 0.488569525241156 -0.0839378255578907
0.0702573487523626 -0.0362648308901836 -0.089634990376637 -0.283935969462629 -0.0963469195454117 0.681636302314805 0.0445998834194388
0.0706073487523626 -0.0396909004159252 -0.0697156150784999 -0.197686103536493 0.0159215588503697 0.495814656279897 -0.0419824481042697
0.0709573487523626 -0.0704270169656224 0.0630398514891359 -0.0866629015247956 -0.0925938503311035 0.610587968458834 -0.17500433584546
0.0713073487523626 -0.0741397243426188 -0.126205299637716 -0.207362195949841 0.034705230342104 0.584044589045804 -0.0758418101351843
0.0716573487523626 -0.0527665956673139 -0.0604494285495568 -0.183245375362128 -0.0591306377016883 0.616511076997844 -0.0655855821502089
0.0720073487523626 -0.0585003090606434 -0.105405207788224 -0.0379938475083329 -0.0126962619908396 0.595589482800859 0.0524733923653575
0.0723573487523626 -0.00178540119672015 -0.101815245010603 -0.127190342750908 -0.0740293087290178 0.587364968386065 0.00926402274062416
0.0727073487523626 -0.216449394251798 -0.00193230466397833 -0.076865984151309 -0.0689941714662344 0.611765944086034 -0.0132106864788452
0.0730573487523626 -0.0798964849701728 -0.112975455071264 -0.209545125951329 0.026042535301782 0.642240868227946 0.0113356500628109
0.0734073487523626 -0.0377694727529726 -0.0507790575191346 -0.126621958196383 0.0733772734584372 0.646169946877406 -0.162294884994077
0.0737573487523625 -0.233765965620555 -0.0271415639825264 -0.128677258347375 -0.0781431387408949 0.685045761714389 -0.0229537965733652
0.0741073487523626 -0.0600021369303655 0.00394645126253467 -0.175829865237997 0.0809808804195298 0.599457857237263 -0.0607218534276456
0.0744573487523625 -0.101151115093929 -0.0888288222593605 -0.353404061114628 0.0068651872151658 0.753077916933187 -0.00608332669938033
0.0748073487523626 -0.0241866521182979 -0.0331071007622272 -0.0580444624154093 0.0737788889059195 0.522521413727496 0.00828151814099008
0.0751573487523626 0.00391332997129403 -0.128555584883399 -0.191261859702441 -0.0932733296448288 0.684179289874182 -0.0435421432123249
0.0755073487523626 -0.0215098638493464 -0.0349748920589084 -0.132606377056855 -0.0683911554033787 0.643418689729976 0.00808729362973534
0.0758573487523626 -0.342722472892776 -0.189984596581767 -0.1368763471623 -0.0284089603942145 0.547905459624728 -0.0143232565192917
0.0762073487523626 -0.0713758219280154 0.104967907009123 -0.213559091863705 -0.0734882124996796 0.733770131643338 -0.0528986524085138
0.0765573487523626 -0.179178824376321 -0.123972428788794 -0.216287394878211 -0.028510336192343 0.644350959772442 -0.000473790985504106
0.0769073487523626 -0.0390465321830303 -0.043736757209403 -0.263785069512963 -0.0581264923325903 0.629985693377447 0.0985229945074994
0.0772573487523626 -0.0164863389200344 -0.0534087571681752 -0.1321245964349 0.0657361609065791 0.667326287842946 -0.0299546493121267
0.0776073487523626 -0.257564157627648 -0.171195944463346 -0.244151132648069 -0.090972221833674 0.547720546743293 -0.0476911567448733
0.0779573487523626 -0.127644819551177 -0.0258254990724475 -0.246210773097854 0.033248537297618 0.594763823717455 -0.0250496116740871
0.0783073487523626 -0.216118685921074 -0.219409737283845 -0.0247764358226711 0.0489154759536764 0.518666982202996 -0.0753879040170686
0.0786573487523626 0.038314192522811 -0.00615641153955643 -0.459406312651394 0.0128523113085059 0.650988497711613 0.0416731072707988
0.0790073487523626 -0.14969570114941 -0.110035061663992 -0.132765333364461 -0.048934323463194 0.638336865427425 -0.0552700134830741
0.0793573487523626 -0.0235025708318228 0.0140712784661626 -0.208437119492835 -0.0982119925363323 0.653912093803634 -0.0868539695231559
0.0797073487523625 -0.186453325222657 -0.174004130717071 -0.312528142080687 -0.0856052524477635 0.628982680408164 0.0414327062979388
0.0800573487523626 -0.145531353225007 -0.106192083817537 -0.120714627823103 0.0405042256526688 0.590119726738581 0.00415155520187085
0.0804073487523626 -0.0574857651571987 0.0354788059958218 -0.311464041297919 -0.0757169443239118 0.729091277053798 0.061666655107052
0.0807573487523626 -0.0525834179697568 -0.179574475555209 -0.276459604756953 -0.0174232576374515 0.600179699760201 -0.128095247042659
0.0811073487523626 -0.0657249428812357 0.015023706850837 -0.290005679857484 -0.13310236190122 0.710960820930197 -0.0271566652198031
0.0814573487523626 -0.136106930477701 -0.119110349937704 -0.120503033981128 -0.017849706913029 0.687102862263693 -0.0283860241898773
0.0818073487523626 -0.121574088502638 -0.0899699209918718 -0.230231721471137 -0.11471958075634 0.582100816139612 -0.0654239291576921
0.0821573487523626 -0.115445400689208 -0.138669986504909 -0.205396232091471 0.113790918334355 0.700764166655946 -0.00394252774720367
0.0825073487523626 -0.124403413664167 0.0231930995868596 -0.28010710451767 -0.0152882400309417 0.667399827000169 -0.0599970910993214
0.0828573487523626 -0.221977178795015 -0.0773407305346189 -0.256813735548528 0.0418027909735941 0.589302778572562 0.0207940398447526
0.0832073487523626 -0.0537133618786854 -0.236165773902673 -0.226326031774845 0.00812692499957454 0.695924251940415 -0.0981568431720678
0.0835573487523626 -0.171989285270346 0.0580242736488294 -0.146967476202216 0.11849521842995 0.646383441230275 -0.0868892457324605
0.0839073487523626 -0.146698776762019 -0.169593577364492 -0.0646882254862465 -0.0639521990739474 0.609911826818667 -0.0571995340158443
0.0842573487523625 -0.280328941058804 -0.171687908381196 -0.347796696501868 -0.0300599198098289 0.640171921398917 -0.00860235496857669
0.0846073487523626 -0.0637467861100464 0.0383581493382044 -0.222910932742076 -0.00288893966149671 0.670346909694646 -0.0311249047999229
0.0849573487523625 -0.14033014610894 -0.165801778622926 -0.171847767978879 0.05517778477867 0.661382776365807 -0.0202069950068161
0.0853073487523626 -0.0696026917625234 -0.162032979661749 -0.27184290148506 -0.016242155603673 0.683987017698062 -0.0588065008091186
0.0856573487523626 -0.103152023923019 -0.0997157960789159 -0.213171231969019 0.0108282099967513 0.616797558985784 0.149435497128025
0.0860073487523626 -0.143392868989016 -0.18589290061007 -0.295668122601764 -0.0308259828882798 0.56957680768915 -0.0209463326950955
0.0863573487523626 -0.0745610694948792 0.0832147552528137 -0.035661504401431 0.00776286547488683 0.727740440869736 0.0227533884947717
0.0867073487523626 -0.155950495261203 -0.223621799556694 -0.339493824941614 0.0323542417690105 0.567321718316364 0.0144987305653246
0.0870573487523626 -0.0501019417065043 0.0442039993986953 0.0219310258993191 0.0548991144253125 0.697438090230458 -0.104577000438606
0.0874073487523626 -0.167330345714013 -0.241996260482096 -0.438457854918681 -0.0380026089526276 0.717906342875103 -0.0713460204319718
0.0877573487523626 -0.208290857882709 -0.109481860621466 -0.130157803847131 -0.0276223491062666 0.757790360544448 -0.0600514548432085
0.0881073487523626 -0.0906960354406297 -0.169955250093939 -0.152046106227793 -0.117975088347918 0.656486832515776 -0.0301921851694049
0.0884573487523626 -0.149397156965313 -0.165911560843588 -0.305997352411874 -0.0133266459321597 0.568558604822595 0.0298943619216384
0.0888073487523626 -0.205600027125749 -0.0703811221444909 -0.0878181894323108 -0.0480866982487328 0.720149265371703 -0.0316993977358485
0.0891573487523625 -0.156944469459776 -0.0674644406233967 -0.19651630825852 -0.0496355969389048 0.558954512754839 -0.0241923474542002
0.0895073487523625 -0.233517825968053 -0.0962397597829989 -0.417212343603992 0.00890676279365204 0.81641403060713 0.0612700929855503
0.0898573487523626 0.079944281663002 0.0348061906954139 -0.210976493131032 -0.0220628393599852 0.686848831602373 -0.00359959199475209
0.0902073487523626 -0.294931037743547 -0.201329850595441 -0.309900167794387 -0.0192237217785276 0.855064403098602 0.147371663236327
0.0905573487523626 -0.0227559354232978 -0.0235707255108491 -0.180563115034473 -0.0151781360721973 0.748369163986692 0.126714723026298
0.0909073487523626 -0.251272226229434 -0.199529978730584 -0.160866255129572 -0.000457707492999981 0.675329060313631 -0.0372935345775395
0.0912573487523626 -0.0506749545416784 0.0661711127674694 -0.14560274495598 -0.0543286217769262 0.714083952718887 0.00179693801873821
0.0916073487523626 -0.146236759338639 -0.226359385207168 -0.385022652861522 -0.087251146946599 0.723979140842459 -0.0547063172383432
0.0919573487523626 -0.102902956726517 7.23103589789315e-05 -0.164840551193001 -0.0378878053373617 0.702968583216733 -0.0309112433862054
0.0923073487523626 -0.0973637783309883 -0.0884757197779075 -0.392746335350879 0.0336372626417367 0.788381166141252 0.0461357792963088
0.0926573487523626 -0.179207071663421 -0.129831386953472 -0.000938462429620762 -0.0161105894932337 0.723356327602834 0.0745889621011259
0.0930073487523626 -0.0640536469652586 -0.172829017238827 -0.307932066392679 -0.0933255016271804 0.688316248320513 0.107424107077097
0.0933573487523626 -0.0501340140863145 -0.0814842375974707 -0.121596530723936 0.0348630616204832 0.708940986283944 0.090399590062049
0.0937073487523626 -0.368972142100494 -0.158915769096221 -0.432188196221042 -0.07318545871181 0.702757959715533 0.0566581006013368
0.0940573487523626 -0.10453139627054 -0.0562708453759523 -0.0428114080293606 0.0392981342467987 0.749756213181348 -0.086158786136754
0.0944073487523625 -0.201713556895429 -0.0939035778724443 -0.170080309891459 -0.0844940139283938 0.680677385399919 -0.0584337517207588
0.0947573487523625 0.00255063647289014 -0.110293897045308 -0.305407338603757 0.0263920295279783 0.605019497766214 -0.00118354101360197
0.0951073487523626 -0.174503982316503 -0.167363549073075 -0.289328385086493 -0.108516913950893 0.682336834061086 0.0236287550941042
0.0954573487523626 -0.20085347923167 -0.168425620379008 -0.375746132604215 0.017979075059248 0.812339386520189 0.067011204079414
0.0958073487523626 -0.176877404618359 0.00993984777762055 -0.238942071398849 0.0577676915136039 0.704457346417957 -0.0208354987794763
0.0961573487523626 -0.189495049604037 -0.163473830757026 -0.230238044388385 -0.00181695233843251 0.817277630174007 0.113465664458815
0.0965073487523626 -0.214418200291772 -0.171184351335557 -0.279179197770896 -0.0613189125932241 0.652272925885287 -0.0035945799342696
0.0968573487523626 -0.124298583521649 -0.115487259678208 -0.0592652208271209 -0.0112712665577064 0.761112422669529 0.0598747281643698
0.0972073487523626 -0.0766893990936947 -0.165368045463298 -0.263744606681371 0.0189858694586936 0.736869990555257 -0.053812484642646
0.0975573487523626 -0.162729278227647 -0.0998385821054672 -0.0669382181848369 0.0317481794406933 0.768260646805661 0.0145267145249877
0.0979073487523626 -0.0219398584688844 -0.00415498292542202 -0.180582570725324 -0.103468808887401 0.720162298488197 -0.00177049248457921
0.0982573487523626 -0.0286530352049326 -0.0565259740496081 -0.108165461037299 0.0880771933024911 0.667789132489534 -0.0305105989056742
0.0986073487523626 -0.171990383660666 -0.0883494567423792 -0.360561180424291 -0.0444608850482492 0.747280610909753 0.0548903995007786
0.0989573487523626 -0.189722692962163 -0.0605197810277876 -0.115114673563542 -0.0189866554644737 0.681717372489818 0.0215205962394213
0.0993073487523626 -0.254444747532892 -0.126333030824703 -0.283548237831284 0.00145422426132158 0.720437630601934 0.0723982917272755
0.0996573487523626 -0.220892326123117 -0.137139983536516 -0.349300049232849 -0.0587443492862244 0.667470135717106 0.0632242137445918
0.100007348752363 -0.0883634232442921 0.0227422063900953 -0.254025748981705 -0.0426032805694441 0.715092115503988 0.0454172200346577
0.100357348752363 -0.140276362230246 -0.175688728191471 -0.212391763384261 -0.0458154452719087 0.659173825369601 0.117999940104139
0.100707348752363 -0.0676562385721109 -0.0663629599429233 -0.302693018192668 -0.0187549243978983 0.693425767414509 -0.0465359172805176
0.101057348752363 -0.166463105784367 -0.155824105970012 -0.293029120120752 -0.0861110857333272 0.729508511061786 0.134988551621398
0.101407348752363 0.048597807521706 -0.054157639904533 -0.192381287342403 0.004364419840934 0.76448495964202 -0.134544909462187
0.101757348752363 -0.156704414952216 -0.140778129114798 -0.250895234044663 -0.0425985820518364 0.751586180457993 0.104302438569779
0.102107348752363 -0.111192879712163 -0.164063428892644 -0.225662850766946 -0.0118298168840931 0.739101694837929 -0.0150357645821332
0.102457348752363 -0.197739674056137 -0.24086570111706 -0.27099804959018 -0.0939260015709976 0.732296675012069 0.000375959099919765
0.102807348752363 -0.0359592472517075 0.114601504609878 -0.119764514665953 0.0153738516329688 0.803279671676369 -0.00864951349499753
0.103157348752363 -0.0641048839848351 -0.091528660400332 -0.214612845338629 -0.0638863295482617 0.723981982447982 -0.0504544808535599
0.103507348752363 -0.191735374275518 -0.232325563521324 -0.22444249683986 -0.056466180199462 0.753135610857875 0.0216346613853166
0.103857348752363 -0.148391252717732 -0.0218558381752025 -0.311211376241206 -0.0219641237139243 0.786182617502774 0.0798991628049808
0.104207348752363 -0.0922980859821329 -0.156972325304409 -0.243323912596354 -0.0267759395842264 0.786632006118347 0.0121306955966947
0.104557348752363 -0.279096706855697 -0.252493510323958 -0.227356285773755 0.0232728267469928 0.79627044206891 -0.061372994843566
0.104907348752363 -0.145467507241468 -0.0470593717643436 -0.301351024420647 -0.0636835818997792 0.744238358995836 -0.0909177304385617
0.105257348752363 -0.105646850623255 -0.10781192064313 -0.284561311500689 0.039884266714185 0.731753030057374 0.000222962897676084
0.105607348752363 -0.0784914466258049 -0.119296171791315 -0.278768794946799 -0.081218443889091 0.679705631986329 -0.00125222191660464
0.105957348752363 -0.155582110468673 -0.128041898009214 -0.185508097074694 -0.0962243756859749 0.779814501367719 0.095237347268383
0.106307348752363 -0.0377634430361428 -0.163339296647004 -0.144358034187077 0.0672818423264125 0.778824727532771 -0.00577032952991185
0.106657348752363 -0.0986566756878739 -0.195929350459568 -0.307413046393519 -0.0244310332808671 0.793386135689794 0.079380155388053
0.107007348752363 -0.0820243724210589 -0.00264079007208407 -0.181604550483564 0.0473120912384062 0.80141345078319 0.0255101436830645
0.107357348752363 -0.012310335357564 -0.211658103295665 -0.404205449907488 -0.0920540529719173 0.678722788264962 0.0851698748042419
0.107707348752363 -0.165639078379661 -0.0590239801663178 -0.170966549651962 0.00197215792277415 0.641249171992089 0.0600347884712483
0.108057348752363 -0.0816595285511034 -0.08528243345506 -0.132899618805792 -0.0834807414156479 0.77602880856583 0.0945425479793755
0.108407348752363 -0.15358654959603 -0.100200151420828 -0.397784691042785 -0.0591842444322152 0.772130458006366 -0.0246438285745059
0.108757348752363 -0.208304580868682 -0.129161478285185 -0.355083468533608 -0.0250258833035729 0.722583918629471 0.0377575798624323
0.109107348752363 -0.156195106424717 -0.347715727002159 -0.204612546084418 -0.109471769271291 0.798498665245713 0.0452856029818603
0.109457348752363 0.00722824817041226 -0.0716634482320762 -0.264655398708791 -0.0908626971111595 0.783351307856149 -0.0878154496094702
0.109807348752363 -0.258911537008964 -0.216764585877817 -0.230637703965646 0.102000764926381 0.647547596849761 -0.0751406091487842
0.110157348752363 0.0282928292935783 -0.0660392334485663 -0.317888061172541 -0.100514475152156 0.779629036099924 -0.0800617764586175
0.110507348752363 -0.211953284834198 -0.301720191889546 -0.410280795385672 0.0762030286532662 0.707834269343686 0.0120699655634634
0.110857348752363 -0.0452182728319156 -0.135399266957963 -0.213735836878698 -0.120008416591693 0.781931214777246 0.106868368008937
0.111207348752363 -0.111528602454562 0.0295335738688994 -0.207136141514847 0.125587241598065 0.804256319933508 0.0108096849111852
0.111557348752363 -0.084079087315231 -0.318576877025506 -0.212571430359351 -0.0487856696930639 0.70775065407838 0.120573379476044
0.111907348752363 -0.132405400785584 -0.19144244792827 -0.230898133200289 -0.122180009544167 0.783678447729296 0.0722921516283879
0.112257348752363 -0.0185649128218877 0.0320487870011644 -0.207592068884896 -0.0551793655522612 0.603052935833177 0.0245170760925145
0.112607348752363 -0.130937339398675 -0.244362412698327 -0.298655713086483 -0.0034741991164632 0.792165382832627 0.0856161041267831
0.112957348752363 -0.164344312403078 -0.208601919144403 -0.241300260886265 -0.0823314425685562 0.652474103529054 0.00827707857438858
0.113307348752363 -0.130060131496161 -0.254192449003975 -0.289527590562541 -0.0177794290723723 0.751775388734466 -0.0238007961425155
0.113657348752363 0.0675897956354461 -0.103467557655999 -0.20102408934823 0.107869406184913 0.751623567647619 -0.147815197711613
0.114007348752363 -0.221833542649629 -0.0931054911099067 -0.253157444014021 0.0122787788754656 0.88609852142633 -0.0743722971675718
0.114357348752363 -0.0844149688773855 -0.186979467303334 -0.238230796543528 -0.0339014561448939 0.726987075034804 0.0490053978466992
0.114707348752363 -0.0503811326980308 -0.261058027754254 -0.284985079786174 0.00106372745881698 0.644411810348788 -0.0546116257051417
0.115057348752363 -0.150120422073504 -0.0657493116171288 -0.344899718284064 -0.0595468593091506 0.737907454771706 0.122609426935065
0.115407348752363 -0.162163568037416 -0.111088638972978 -0.330329669153311 0.0185522252139095 0.746796920101001 0.0424739491244854
0.115757348752363 -0.0455794890642258 -0.108141321501708 -0.255284473739904 0.0182133821568242 0.708488721008807 -0.0178629524548674
0.116107348752363 -0.352385446300621 -0.159311966913279 -0.434383609976541 0.0212497113373076 0.746824934479675 -0.0535737093720066
0.116457348752363 -0.094884218717243 -0.317395741659061 -0.321194597607635 -0.101729321845705 0.787905891865489 0.0100149101594687
0.116807348752363 -0.303999458769211 -0.0665003104050019 -0.427821471775306 -0.0664379143589594 0.724726939550474 0.0688887900924209
0.117157348752363 0.0554955962510786 -0.113991715983495 -0.189911749671415 0.0829673915359332 0.829969896000186 -0.0300140440406717
0.117507348752363 -0.231512641852092 -0.000981538531870737 -0.314813753373637 0.0013002890221403 0.74379758782772 -0.00474697402361917
0.117857348752363 -0.162976300911669 -0.0243269621233656 -0.252069741516978 -0.0705077402668846 0.747440763012723 -0.0332737811472693
0.118207348752363 -0.10614354176164 -0.179226142694414 -0.400396524924445 0.0740729255977763 0.857841882000195 0.00339890121219244
0.118557348752363 -0.0655008565929522 -0.079707930100194 -0.26922933365156 -0.0417045583729919 0.586264135037666 0.0983231696382377
0.118907348752363 -0.120713465326902 -0.221074079139654 -0.256950153816667 0.0781647819650361 0.766711681700941 -0.116914060227189
0.119257348752363 -0.124686676785698 -0.167306248702456 -0.370079479802076 0.0150736903402328 0.636259205862208 -0.0283347934378552
0.119607348752363 -0.20394985740333 -0.216861937461715 -0.317736666288789 0.0232053182154767 0.644004548139978 0.00212639317752191
0.119957348752363 -0.0145548366714506 -0.122133107721009 -0.192850898190198 0.0642561011445685 0.76150909249751 -0.00265055726039522
0.120307348752363 -0.199834102961035 -0.201283138456894 -0.22270682853022 -0.0631439339249545 0.752688127716259 -0.00348331111777442
0.120657348752363 -0.0143960709807259 0.094127599737208 -0.345157938671499 0.0445805489197788 0.616642147282606 -0.00643307886624795
0.121007348752363 -0.157812831640385 -0.167805041048725 -0.280237941651676 0.01064442946632 0.705359637607224 0.00111804616706445
0.121357348752363 -0.0266454973051366 -0.0278502186747038 -0.366877303614581 -0.0111243312250795 0.612633215853602 0.0784897304436954
0.121707348752363 -0.288377582565255 -0.226072517753645 -0.506259943385856 -0.0524717386934414 0.716419059958732 -0.0330813489116568
0.122057348752363 0.0259004063689943 -0.259189835184899 -0.249572666739194 -0.0637419262806497 0.630061824338703 0.0247085235927595
0.122407348752363 -0.0813148483819228 0.0524067619162325 -0.248057445109071 -0.0583426125798711 0.743906447881147 -0.0523481140680785
0.122757348752363 -0.169497904129963 -0.163396890715828 -0.0516534641969448 -0.000454533556272775 0.768339487911489 0.113610691690289
0.123107348752363 -0.0932383603862725 -0.177467114850082 -0.39113818047627 -0.0516386518581515 0.770661350522033 -0.014440174099101
0.123457348752363 -0.160146871651087 -0.120027051508681 -0.187578958375752 -0.000673197069855081 0.669520296543535 0.0634971468053807
0.123807348752363 -0.0523492616002151 -0.208560572239172 -0.271362574730885 -0.0432155540087768 0.626172624929421 0.0161019729968752
0.124157348752363 -0.108852889531831 -0.0684849760472558 -0.447874542179756 -0.0663287172127497 0.680122620916916 0.0308326706580825
0.124507348752363 -0.109789715085135 -0.110566215937559 -0.197896140967613 0.000249850435425279 0.77089842160629 -0.0095226525702149
0.124857348752363 0.0293967378560986 -0.083750920424363 -0.278008168383396 0.000883473275962695 0.747955069984003 0.029286129151389
0.125207348752363 -0.124029242947914 -0.13236787134824 -0.153852935141258 0.010561732462544 0.757547280475522 0.109859863783463
0.125557348752363 -0.166792265111038 -0.303414268837877 -0.372490671959441 -0.0303154387709008 0.734009624764811 -0.0419725064628053
0.125907348752363 -0.185934149283911 -0.090826424002122 -0.39607361261762 0.072196657522906 0.802384779045131 0.0851138676342635
0.126257348752363 -0.180648277455453 -0.207693017349701 -0.200990867472966 -0.0119015827095127 0.682277209006647 -0.00309137980969151
0.126607348752363 0.0124672173296424 -0.113011049786043 -0.351042571099518 -0.0248770377820525 0.768611101080806 -0.0926601572945158
0.126957348752363 -0.256243040517935 -0.252534566542516 -0.18443449344914 0.00215039236195692 0.800723100680001 -0.0068955628737914
0.127307348752363 -0.121424525520092 -0.220503581315293 -0.307164896438208 0.0216698322836191 0.731697102385701 -0.0664470735640963
0.127657348752363 -0.169445329420667 -0.213100676352605 -0.449230948895675 -0.000693801728632417 0.66272855421931 0.104936954964194
0.128007348752363 -0.109233878454441 -0.150471202902303 -0.36373695980143 0.0387197754769596 0.755612704593987 0.0302803090325409
0.128357348752363 -0.0719611865688372 -0.228693596466442 -0.33490055743851 -0.0628588878872938 0.674150347325047 0.00990074306670264
0.128707348752363 -0.0587072819957389 -0.0531165264448674 -0.206457179157641 0.153392960693317 0.786619626455866 0.0868298587477723
0.129057348752363 -0.287208059626381 -0.183680299728173 -0.249659483469524 -0.0292619230246999 0.664635196976295 0.0861137341757687
0.129407348752363 -0.0347684516052288 -0.0999006482754047 -0.298568103398545 0.042043416675385 0.71195499873149 -0.0548173055944793
0.129757348752363 -0.182094070154073 -0.341037227412699 -0.323259410574487 -0.0427548781347245 0.811285360004357 -0.0322000039878734
0.130107348752363 -0.110864382681294 -0.0963457758086109 -0.255813152281813 -0.0939998725058591 0.747776432041699 -0.0656055327899738
0.130457348752363 -0.195599846126351 -0.229190746410901 -0.444530381162716 0.109396026416342 0.803519110066587 -0.0615037059153106
0.130807348752363 -0.0810322013919995 -0.0984787726199059 -0.270885985513138 0.0449264784852636 0.705755727012456 -0.0122985149859099
0.131157348752363 -0.0975872615258358 -0.207403942680181 -0.294634468773248 0.0647223761223107 0.81601633610718 -0.00729683406093219
0.131507348752363 -0.233574367706607 -0.0702628399722963 -0.402037500763231 0.0646015293921134 0.778425904980273 0.0551004724465399
0.131857348752363 -0.146654728893872 -0.313519603919304 -0.390466487646395 0.043614088608949 0.720424164474358 -0.0765920839261185
0.132207348752363 -0.154305702736454 -0.231677701362624 -0.363444848096578 -0.0580029338479187 0.796457346261679 -0.0248184055871584
0.132557348752363 0.0232877372292272 -0.117237302787921 -0.278755549748838 -0.122463992694647 0.74832095912523 0.0149451441868177
0.132907348752363 -0.166944970773208 -0.316367726885955 -0.402716262271717 -0.104595460669769 0.796794202817903 0.0199263223232243
0.133257348752363 -0.100633572468001 -0.0827111996112946 -0.270552769060206 0.00700217172852726 0.711489475679253 0.0492437920973711
0.133607348752363 -0.029131502342614 -0.158520683323184 -0.250073076594816 -0.097594672401895 0.736303441607925 -0.0535588762002701
0.133957348752363 -0.0872073084466264 -0.0475426844122589 -0.124302630547565 -0.0152398683396279 0.663810889565039 -0.036430297890146
0.134307348752363 -0.106034864587929 -0.238962468423948 -0.389076067096462 -0.00561961470346327 0.666957775303896 -0.13765260545168
0.134657348752363 0.0720238942696339 -0.131511699317312 -0.129369041338246 0.00910786186875787 0.814253023172395 -0.0100878244415471
0.135007348752363 -0.0972793779978637 -0.0940279520967732 -0.342559722952325 0.0463320335753653 0.639800933351835 -0.0745248470328381
0.135357348752363 -0.151152125649703 -0.293701859192885 -0.367109410526387 -0.00521143464811989 0.772386113253669 -0.0362285922659295
0.135707348752363 0.0301570279378439 -0.0181628294140204 -0.456423539916341 -0.0668316479465628 0.698377126131355 -0.0145438691508953
0.136057348752363 -0.208228919904223 -0.166107041283626 -0.269048527537617 -0.0594918032764844 0.691532203241032 0.0627907423030894
0.136407348752363 -0.0380351047393857 -0.094189280451865 -0.206643517175044 -0.0333470588142119 0.75729840538976 0.0198934040428511
0.136757348752363 -0.0270956015002971 -0.167847032873982 -0.373773849609427 0.0986071496142798 0.60584988183548 -0.0227491236228464
0.137107348752363 0.0710576051193537 -0.113777922874014 -0.100200065615313 -0.101429156820969 0.743798704587112 0.0307503513964873
0.137457348752363 -0.185528814988111 -0.174751834246193 -0.505447383085357 0.0252198292338716 0.701330241109547 -0.0536914579194999
0.137807348752363 -0.0852236493860823 -0.20071865851605 -0.110372922488054 -0.0180276040952754 0.751676256326519 0.0424213395887307
0.138157348752363 0.12977817936383 -0.274856772431252 -0.333634859525436 0.0183696292210565 0.588078220335165 -0.0206181041340871
0.138507348752363 -0.154272566169482 -0.274976330221582 -0.224712992766396 0.0173384613483403 0.644215744347306 0.0410880769373602
0.138857348752363 -0.136296492095593 -0.151420183398705 -0.530647500646562 -0.0121849816669568 0.600732249600259 -0.015138241952848
0.139207348752363 -0.090068360523476 -0.243665608700888 -0.320198060051665 0.0181391695018306 0.659582023268611 0.0340163757298581
0.139557348752363 -0.0682695439763745 -0.333638643447346 -0.221347041270763 0.0449754393707799 0.709241399623398 -0.065587483932642
0.139907348752363 -0.090312547328228 -0.1287809731898 -0.260057600515005 0.0096671695418474 0.72406506638335 0.048477673109854
0.140257348752363 -0.160819577442286 -0.402746102290811 -0.593791219038543 -0.0438189332931133 0.721143930821606 -0.15070946760194
0.140607348752363 -0.232741932686915 -0.11821045151432 -0.230875253007938 0.148977682599236 0.684871837186035 -0.000567217586167956
0.140957348752363 0.1243731898396 -0.086699716409034 -0.179950373369477 0.000596053449850468 0.730837926929317 -0.0524470911537601
0.141307348752363 -0.12612431421253 -0.269239200956074 -0.287568408853691 -0.0864206313084998 0.738019055891946 -0.167959157129795
0.141657348752363 0.0495316139221352 -0.286545717995854 -0.353254863828805 -0.0588302765670658 0.844378909042819 -0.00545773980445473
0.142007348752363 -0.0375123611896386 -0.104777800263997 -0.317660823160759 -0.0358517890867718 0.693369539294292 -0.0882766173517872
0.142357348752363 -0.0418360670365864 -0.0975467671177065 -0.294876076149239 -0.12693915479947 0.777901838977179 -0.0548277576026175
0.142707348752363 -0.130856076004615 -0.256528302313758 -0.395789028359637 0.0401617292479182 0.757999998593084 0.0212575734742464
0.143057348752363 -0.0459273670268064 -0.251828969834387 -0.380068586997952 -0.0333488664246792 0.796716805800482 0.0290213828653338
0.143407348752363 0.0341608269169966 -0.18161234977383 -0.327785086351689 -0.0433641459038792 0.582770907856043 0.0251604552894565
0.143757348752363 -0.123272536436891 -0.273308517366966 -0.464480593338321 0.0378943401531369 0.78606904466925 0.0711166675126132
0.144107348752363 0.00472072309745442 -0.121298623550685 -0.323173942721719 -0.0427246108233642 0.751513131030075 0.0175814369301681
0.144457348752363 -0.101092838983075 -0.19704216194153 -0.340818249805392 -0.00106836693257662 0.731343782635346 -0.0240113991626497
