# Fix print output for fix defX
0.64855475250813 0.077780799706845 0.0938318698897019 -0.0682439856378029 0.0365649874047727 0.0401674448063415 -0.0446147187386378
0.648904752508131 -0.273835905949815 0.0125686496438184 -0.0332510727619167 0.018566875816876 0.0168187769025429 0.0208306951335632
0.64925475250813 0.12491163810527 0.00623640719923835 -0.0311628851119826 -0.0231317051477394 0.0616399744516215 -0.0210773060003085
0.64960475250813 -0.256755445382168 0.189312433637349 -0.0898763020521671 -0.00829448490962736 0.0509114147430882 -0.0317648313344844
0.649954752508131 -0.0286397848543311 0.00902478759874361 -0.0429098971368899 0.0246696390398984 0.14523000871083 -0.0764790991035833
0.65030475250813 0.0577885882151274 -0.0210150630014668 -0.0973850984369063 0.0198787813317144 0.0536534300424324 -0.0433369393203988
0.65065475250813 -0.0504488174457317 0.205654429992551 0.102946609743341 0.0411659418529738 0.00527087397361058 -0.0216406883232353
0.651004752508131 0.0330052651625494 -0.0838342460440604 0.0428087582012754 0.0243934816567847 0.0335581573995317 0.0136648101737998
0.65135475250813 -0.0517385813368476 0.0998094802688661 0.109157224147348 0.0473842928148219 -0.0897022263051703 -0.0589034281994534
0.65170475250813 0.0499290519846544 0.174531353110211 -0.146783852973062 0.00489053682779419 0.0223759170508543 0.060659887896525
0.652054752508131 -0.0757189853571829 -0.0771270998446522 0.098322978238403 0.0214653971644901 0.0030192776375946 0.0161842685878875
0.65240475250813 -0.0988780351630019 -0.032825305758396 -0.0686682821973474 0.0946382262777406 -0.0153460841410869 -0.0434919012936288
0.65275475250813 0.142231833131145 0.0341386798475664 0.124265640016547 0.0873907865835859 0.00841713715819937 0.104976830788086
0.653104752508131 -0.0837676461386744 0.034207403528772 -0.112309107651334 -0.0355879946049697 0.00780436027434488 0.00533543100090524
0.65345475250813 0.0307516168630321 0.214511700703818 -0.0479954251695162 0.0267663513479963 -0.00345510522111167 -0.0415162714098934
0.65380475250813 -0.0122507851687814 0.0916078908914721 0.0733610767802639 0.101272634721959 0.210135864816414 -0.0597494845607294
0.654154752508131 0.175907663158796 -0.0305478181106099 -0.0295981141861903 0.145358775603263 -0.0279564282123321 0.00819370423077657
0.654504752508131 -0.0309196090416308 0.167030208081583 0.078297178154942 0.168787947540232 0.0167680350912868 -0.00802914656106411
0.65485475250813 -0.0441041378419542 -0.0265330752617297 -0.00746588992340835 0.100582166883563 -0.0513943212448881 -0.00882009639864754
0.655204752508131 -0.0990548387630758 0.0490487534911364 -0.0283355647415751 0.107794049665821 -0.0312061514415689 -0.047204694252953
0.655554752508131 -0.0232904761032693 -0.0198103283866568 -0.0255531637196131 0.0283715692936794 -0.0659591947905404 -0.0199579521282896
0.65590475250813 0.00949303496067876 0.186455257832818 0.105203020361108 0.324118665493576 0.0484666132155493 0.0154157335496384
0.656254752508131 -0.164981227298797 -0.00882284554692206 -0.0819847364928442 0.0647983989004037 0.0239403087801717 -0.0125433094883916
0.656604752508131 -0.0313019806277524 -0.0570157502975366 0.0195574592146992 0.100247106149043 0.0539227045446822 0.0405288768317928
0.65695475250813 -0.189630404022127 0.0509521794377659 -0.0313722547644237 0.136935636675612 -0.0984966026842336 0.0525233468651771
0.657304752508131 -0.106306475633614 -0.0292038160712874 -0.0894999220842629 0.166004586822022 -0.0456991482296322 -0.0494530622505004
0.657654752508131 -0.072820818736428 0.109204821934532 -0.0336582493835085 0.189854171308549 0.0173691033191878 0.0185191529856507
0.658004752508131 0.0205723002628392 -0.0583822094865523 -0.0282500976254245 0.137661325721944 -0.111864609579052 0.0267355728779519
0.658354752508131 -0.0903090804074932 -0.0341955842134937 -0.0147799703718793 0.189068860598507 0.0826356746405113 -0.0639145561827806
0.658704752508131 -0.00968081674775521 0.116879704493088 0.0439217982220696 0.186785792677311 -0.00678991029129489 0.00451572392848206
0.659054752508131 -0.0795297102335537 0.000515978895817297 -0.0635081743885087 0.227747691462716 0.0179589119811162 -0.0133279906727125
0.659404752508131 0.0735505886394314 0.0817496629436886 0.0202839805403814 0.202768325804926 0.015167615073378 0.077350520783089
0.659754752508131 -0.131180721430143 -0.0492356118772167 -0.177716608831579 0.239074813837624 -0.00255375651376482 0.109345749374345
0.66010475250813 -0.00140646504857771 0.210488433547586 0.0753657491686819 0.221648486526189 -0.00640848903417771 0.078094149139754
0.66045475250813 -0.0897613961083357 -0.129212710586985 -0.0599234418287814 0.237970878669825 -0.0263635736490386 0.00159966849745649
0.660804752508131 -0.0375154842758161 -0.10819616450964 0.0250771971737659 0.188070069175876 -0.0296612331265562 -0.0820699794670528
0.66115475250813 -0.115737218517609 0.0723679137085105 -0.0105643153185282 0.250707345934302 -0.000664170592392668 -0.0413177150572196
0.66150475250813 -0.116031696033885 0.0623595221136907 -0.00145511535379362 0.284063656327066 0.0899861768024755 0.0196848237841052
0.66185475250813 -0.113970423262246 0.0654733255591483 -0.214478750538334 0.290885036521815 -0.0280352783631336 -0.109197522421834
0.66220475250813 -0.213969028854931 -0.0373232562751834 -0.105393401103725 0.302056587146354 0.0589232327387419 0.00572753458020758
0.66255475250813 0.0383444681467289 0.0365389087124929 0.0705935257526719 0.287803196285596 -0.0608980723564349 0.027722650985963
0.66290475250813 -0.0142034167017584 -0.0637956222700087 0.0549784631688589 0.276215998047358 -0.0240106214856716 0.0326775160436272
0.663254752508131 -0.0982658007295805 0.0534086252604753 0.0802053428780914 0.312493687950138 -0.0292897599946509 0.0258854356657871
0.66360475250813 -0.118543913952396 -0.0395348204524151 0.0637806366846895 0.304748992682928 0.0277393806548659 0.0148012741024689
0.66395475250813 -0.0810267612159121 -0.172809092876792 -0.152988944532373 0.323036673432522 -0.055557599273387 0.0627080205966754
0.664304752508131 -0.243240970679295 -0.0544281141660056 -0.108653734949354 0.260472187610642 -0.019375425914224 -0.0316543886813553
0.66465475250813 0.0994221069961467 0.232546502144184 0.09936823781754 0.41829512299151 -0.0766598971073532 0.0573108222878315
0.66500475250813 -0.0280449242484643 -0.194303306406951 -0.0180245242811656 0.302052449928332 -0.0121474265798515 -0.103706180080298
0.665354752508131 0.0367742987610377 0.0904312119084219 0.109233853568909 0.307682923869453 0.0067028219198406 -0.0504713498698958
0.66570475250813 -0.120524919660389 -0.162453808745618 -0.123094249461413 0.33477119836036 0.0825350816955377 -0.14606047272142
0.66605475250813 -0.0815222965985005 0.136518847212639 0.0618504072098342 0.333805866574837 -0.0412724521055726 -0.0194413779572777
0.666404752508131 -0.184734323651544 -0.0929321870645481 -0.0658589987937601 0.359800377318691 -0.0283023808230443 -0.0495415674745791
0.66675475250813 0.0840370397983586 0.191726128162966 0.171525863033529 0.304131644641 -0.0216163774640932 -0.0941962114426569
0.66710475250813 -0.0150462376932017 -0.0747426678789283 -0.0609004297468103 0.395889684273646 0.0782580768061679 0.00130626730638622
0.667454752508131 -0.10272926201341 -0.0949503314187426 -0.0246187458066556 0.380088854203077 0.00386888265497656 0.0318127841593251
0.667804752508131 -0.149739182815592 0.123102807938674 -0.114993058737368 0.355524781679065 -0.0179187391143126 -0.0797280646507151
0.66815475250813 -0.146054418024702 -0.133019132518414 -0.169078305470558 0.370238019442485 -0.0337988604354966 0.0351270056683578
0.668504752508131 -0.025970233408592 0.0209999575070366 -0.0166789485327785 0.359547705542634 0.0194556217485439 -0.0898872989898452
0.668854752508131 -0.144792884636688 -0.126233940901981 -0.127081997472746 0.492229521598668 -0.021192868345303 -0.0102589172590146
0.66920475250813 -0.0398122941176837 -0.0110733499912684 -0.0162959917580322 0.412687843530286 0.0416560906247977 0.0269451148337303
0.669554752508131 0.0836637022529115 -0.0393184323230779 -0.0381381818482222 0.453563365865447 0.0691046366788372 0.015138938594596
0.669904752508131 -0.153942664570509 0.108799050049203 -0.136605011533437 0.36996594396698 0.0787653471892122 -0.0325996581582064
0.67025475250813 -0.00646561701151808 0.0187820746254366 0.10069174472623 0.417033247395033 -0.0688132197332512 -0.0221248301319028
0.670604752508131 -0.105401359849508 0.124689956634085 -0.0521321137043694 0.40755665990493 0.0164617787818655 0.0973168279539747
0.670954752508131 0.106468006543272 0.00393344117228213 -0.0110466228888687 0.470386029142055 -0.0733896717363511 -0.0303241941533617
0.67130475250813 -0.0607933475708723 -0.03284584892646 -0.106024343184607 0.508980364483992 0.0189761597288099 -0.0381520193132738
0.671654752508131 -0.0483908236139112 0.0742313625460456 -0.205905712039134 0.554160426798177 0.0458912812342378 0.0343937965135859
0.672004752508131 -0.0247671171669202 -0.19885562998469 0.133626580360438 0.48541224256006 0.0135992334381687 -0.0534747667023336
0.67235475250813 -0.0750358342477113 0.17541313679739 -0.144638409687268 0.51628808519444 -0.131737782985131 -0.0386396533683375
0.672704752508131 0.0480123460719476 -0.197196329516029 -0.120883877118855 0.51816400063201 -0.0768768494470254 0.0320815712639074
0.673054752508131 -0.0935892223245557 0.123449990039523 0.0182092396523705 0.521864104200573 -0.00833613920663045 -0.0611294116856127
0.67340475250813 0.0140544635454474 -0.0896417712781295 0.00138609234265075 0.485509128939402 0.0604994402490966 0.0890800529886532
0.673754752508131 -0.0436201834570965 0.00802621827991036 -0.0179667126345195 0.454397288140346 0.0304308132999404 -0.187620279430757
0.674104752508131 -0.210371137266566 -0.213842534677001 -0.292587065628917 0.520212799080412 0.131752551791902 0.023842352240897
0.67445475250813 -0.0904879075018716 0.00688248023541821 0.0200408262669797 0.554333917288745 -0.0392795153816765 -0.0348690465070912
0.674804752508131 -0.0929484974586133 -0.11530087911089 -0.125063240337566 0.515635572764849 0.021941159128409 -0.0516438064900437
0.675154752508131 -0.140572702498523 -0.0288177737131363 -0.0413901708674501 0.49502898165549 -0.102169326125478 -0.0737230826081334
0.67550475250813 -0.136889316455095 0.101815237158215 -0.0965608652219753 0.452611158007183 0.101675686790337 -0.0700500696095566
0.67585475250813 -0.10812480687516 -0.0284711164921502 -0.111121411332472 0.55095981673926 -0.0361740092430663 -0.064198488662626
0.676204752508131 -0.087254614131524 -0.0421905839356928 -0.00549742738476694 0.493508046841229 0.0475492053443057 -0.0479256127091184
0.676554752508131 0.0334769690956964 -0.0715785287616631 -0.102061562925762 0.596404139077508 -0.00649117139086844 -0.0349420909766166
0.67690475250813 -0.0242387661290861 0.0433184811202015 -0.0142898223081196 0.498595423022563 0.0210114062995296 -0.0650196025618425
0.67725475250813 -0.0479694886673148 -0.0814003300866862 -0.215149485188604 0.56548457273073 0.0489968438661365 -0.0564429750997105
0.677604752508131 -0.0811854369151813 0.182457355495159 -0.0911831976363753 0.608151803689668 -0.0953826044975347 -0.139416890606655
0.67795475250813 -0.279999091647727 0.0308474995093191 -0.270691217597419 0.572421350030303 0.155962603961054 -0.0288689306837238
0.67830475250813 -0.110518347461184 0.0544977608851655 -0.0861488351739275 0.611886797849808 -0.108234237265123 -0.126600110829807
0.678654752508131 -0.095805406741076 -0.0383654159898364 -0.0928678199511322 0.529993341541529 0.0429337037071447 -0.0283966695043832
0.67900475250813 -0.0999284602210101 0.0464994736196563 -0.0716705058359025 0.535152772182472 -0.00140384154123193 -0.0210150319632239
0.67935475250813 -0.114916674912095 -0.113705535051522 0.0410927763793768 0.554935376779098 -0.0630625681361886 -0.0865266763761902
0.679704752508131 -0.13818263194351 -0.0669223350253224 -0.129239364006361 0.534014539295154 0.0451228160560042 -0.0174051962369458
0.680054752508131 -0.0234340532724718 0.0816290177655415 0.00221604528088223 0.64128864959586 -0.199086762004311 -0.0626260808060561
0.68040475250813 -0.26519075567521 -0.119054688021024 -0.254073556441097 0.566261350150673 0.0610326520336838 -0.0182453762480049
0.680754752508131 -0.0505879638351774 -0.0102554401511138 0.201938075677895 0.660671037311472 -0.0445906151407464 0.0767306644659282
0.681104752508131 -0.192031659924342 -0.0496720815878859 -0.281129251256616 0.644861928683424 0.0168085910579272 -0.0305285862115241
0.68145475250813 -0.188096328259973 -0.0902469354030742 -0.0203245040746784 0.691892232683022 -0.0603388817534356 0.0242676923781943
0.681804752508131 -0.134828338454064 -0.00279059757545865 -0.125358236168963 0.584894593389707 -0.052292848675712 0.100678645473507
0.682154752508131 0.0404938816373986 0.143781789453722 0.00395847620218268 0.710417395126805 0.0155621602152336 -0.074952499109565
0.68250475250813 -0.145835252160601 0.0923485329603773 0.00122594174948559 0.685951057634993 -0.0455949318143166 0.0676421196653099
0.682854752508131 -0.00250516096495248 -0.023152526473666 -0.142691805197358 0.711094235639545 0.0641972785897816 0.0132012176260783
0.683204752508131 -0.0272207660219553 0.087987441029561 -0.0746617789682954 0.7057167975803 0.0361452544839229 -0.0587751208404623
0.68355475250813 -0.114702767230724 -0.126496052311897 -0.100762682426827 0.681367436916053 0.0501517359745171 0.0188809084690127
0.683904752508131 -0.201154991558534 -0.128477398618895 -0.190962218658694 0.593142648504981 0.0658943383358694 -0.102742881971476
0.684254752508131 -0.263538940162853 0.0117658368970806 -0.0572784075147878 0.753049814981252 -0.0918802455914055 -0.0563262884360812
0.68460475250813 -0.0543408127182638 0.0691180677847517 -0.0289880059838401 0.648887610068274 -0.035714636051157 -0.13343031960486
0.684954752508131 -0.258785545533262 -0.165536870545594 -0.20138240439112 0.75243366808108 -0.106257588530516 -0.0542700080297875
0.68530475250813 -0.0371517818586654 0.272578352291168 0.0890183083451699 0.776047489652003 -0.0105373355525194 0.0300378033928095
0.68565475250813 -0.321458143844535 -0.0464471005845428 -0.229064749459507 0.730581045305565 -0.00769298474927275 0.0106583203752048
0.686004752508131 -0.126533053238354 -0.22035236387881 -0.0885917496148331 0.745537880013914 0.0238340277504294 0.0328747205347639
0.686354752508131 -0.114861090482113 -0.180187471189072 -0.162846512815697 0.674249752574426 -0.0273541184463383 -0.0417045884247322
0.68670475250813 -0.0988748099931124 -0.0756738348346791 -0.0711263784428874 0.762771150380343 -0.0108091875681937 -0.0131098665983021
0.687054752508131 -0.188797821351839 -0.0525992760484557 -0.0294588649038988 0.788690445831135 0.00418016468893266 0.016171659966661
0.687404752508131 0.0292833121379843 0.0214121157775472 -0.0960286775505822 0.847249619893566 -0.113860226425715 0.0653727195830306
0.68775475250813 -0.256425861899127 -0.119481474454158 -0.157860795329962 0.76754675594658 -0.0630438496139422 -0.0570989066117806
0.688104752508131 -0.03198909230167 0.00433156198272651 -0.0452807534191077 0.877249560678428 0.0603902208900847 -0.017262380889692
0.688454752508131 -0.109690439435087 -0.00780307492124998 -0.10153502157379 0.695725086387086 -0.120569010163441 0.0788136529633699
0.68880475250813 -0.146238784141367 0.0288660396469071 -0.0225988560909353 0.764537758407567 0.0366612918260329 0.0477869203745222
0.689154752508131 -0.168490931257991 -0.111962659799165 -0.113866772717482 0.757073479496424 -0.0805952717739967 -0.0154398397554118
0.689504752508131 -0.0336226550316328 0.0292070601113105 -0.0257920621926699 0.746864834398133 -0.0424328057772663 0.0585596255157281
0.689854752508131 -0.103868153313459 -0.20439292404064 -0.0763197053360344 0.758668641245258 -0.00728714715910981 -0.078532178508012
0.690204752508131 0.0847747501038324 0.0135393685352492 -0.161613381441585 0.705679989092683 -0.00286643027141328 0.038778359332251
0.690554752508131 -0.099785925865582 -0.152442897434841 -0.0889624416049034 0.781076553369511 0.0422532824047878 -0.0561546379319142
0.690904752508131 -0.0716179960369138 0.0536943265226223 -0.0850946233792304 0.806312309164607 -0.0751880723758633 0.079396120960732
0.691254752508131 -0.148604543983631 0.015447468010135 0.104306498124134 0.767289302150342 0.00988449676688217 -0.0821562319121183
0.691604752508131 -0.241628927869141 0.00569085384332117 -0.123652007514529 0.81171521238532 -0.0684643148670109 -0.0331213569937644
0.691954752508131 -0.107025624107373 0.104234754683839 -0.19852450501524 0.791095528468246 -0.0356810669338733 -0.113293291241671
0.69230475250813 -0.198294510610833 -0.116528453802993 0.0128312301873377 0.785670422499537 -0.0189432118923334 -0.0659188501894207
0.692654752508131 -0.0409338012957251 0.0655179298572173 -0.0290590810756242 0.838889604133174 -0.0648626263496489 -0.125108162110734
0.693004752508131 -0.127330661543395 -0.1426158147254 -0.0720261490621462 0.864104363012566 0.0241037642168617 -0.00665221239657926
0.693354752508131 -0.112653363256571 0.0382614725189061 0.00201094469266002 0.777228554854619 -0.0698594113841733 0.0122251386769861
0.69370475250813 -0.125376793930916 -0.160570866359452 -0.206305045521315 0.722890083076673 -0.0772106692251875 -0.00666218467966443
0.694054752508131 -0.21128269628335 -0.135699424269478 0.0514776368720858 0.823625589857896 0.00228639055776318 -0.0210060361449132
0.69440475250813 -0.0757710658820094 -0.136806926363292 -0.361122126217815 0.949741526749678 -0.120778140308537 -0.148193332462105
0.69475475250813 -0.0968539276067943 -0.0118731734437047 -0.0776081185179471 0.869137637334739 -0.00149836508348868 -0.0808903275155258
0.695104752508131 -0.139359095550251 -0.159016162719886 -0.230204251416714 0.936870251294287 0.0466414491422845 -0.0984353052916786
0.69545475250813 -0.0295305259748682 -0.053713431606265 -0.1507295921762 0.909973397546426 -0.101590794571619 -0.0424720232705607
0.69580475250813 -0.255571648461704 0.140397112210187 -0.156708193639949 0.883355221228671 0.132010221746153 -0.128005889586786
0.696154752508131 0.0600722255613882 -0.182176053487511 -0.122725405802713 0.943231822314151 -0.0709080811260647 -0.0391792839330554
0.69650475250813 0.0247518007959248 -0.134338723848601 -0.0524682741255942 0.730773857944457 0.0330829234150622 0.0101660131098449
0.69685475250813 -0.205598698728237 0.0127919156808489 -0.113764789588049 0.979854399233434 -0.0800084256355723 0.0511946321534986
0.697204752508131 -0.0590949398817997 -0.172433464987866 -0.240949487380154 0.93820961469253 -0.0158714717149017 -0.00832626328697602
0.69755475250813 -0.121246880666811 -0.0206835695415659 -0.160418719584246 1.0127411404575 -0.0346385570355962 0.0728949337343277
0.69790475250813 -0.0531814850965318 -0.126360643253106 -0.091461714173473 0.979462165873551 -0.0143616758107441 -0.0721938413410925
0.698254752508131 0.0712359727304847 0.00465418226675911 -0.0179326964261858 0.978734117442175 -0.0630945133188407 0.0232874521366161
0.69860475250813 -0.317333070584429 -0.267198328501135 -0.156941422722229 1.01252256277901 0.015196940526107 -0.0524273292216277
0.69895475250813 -0.0536160892757692 -0.0258409022592261 -0.125159050638503 0.948650708074591 -0.033568560182637 -0.0356198979626769
0.699304752508131 -0.196160670280685 -0.0931248212557345 -0.250515551176098 0.941152104024755 0.00750015608008512 0.0181999684583114
0.699654752508131 -0.0447667203109956 -0.110889719188874 0.0458766909850553 0.927443772909916 -0.0123176681408883 -0.024409160040365
0.70000475250813 -0.306166125102082 -0.136706336714302 -0.244673168078841 0.949696791378723 0.0631821207882892 -0.0440561882948226
0.700354752508131 -0.191054297305418 -0.22630986244422 -0.114469000541716 1.02563498987273 0.0204800684619607 -0.0591864836223095
0.700704752508131 0.0828640044843649 -0.1795287304991 -0.104396016157222 1.01441931738528 -0.0360068904996552 -0.0190598227263831
0.70105475250813 -0.0835111806287471 -0.036075403299941 -0.00776473616734401 0.959800648317847 -0.0466515532736652 0.0076564193401483
0.701404752508131 -0.147052217553856 -0.204893539944766 -0.224939971372185 1.05968350508352 -0.136138464871432 -0.0113180995364541
0.701754752508131 -0.00596311641577123 -0.128733164104573 -0.0874093677168996 1.12271597407768 -0.0146740408018172 0.10232562520224
0.70210475250813 -0.0986586151406661 0.101900288402749 0.0573392900371509 1.03437594207674 0.0555087975926302 0.015939206502665
0.702454752508131 -0.0894974261830595 -0.258356929342724 -0.199555889157218 1.01543894093838 -0.00481558700935823 -0.00556317456223334
0.702804752508131 -0.105354083668949 -0.0412320438110774 -0.0462703004612116 1.05887244118347 -0.00383370559335042 0.000817227009520357
0.703154752508131 -0.133843635005199 -0.148743733971714 -0.123219558219422 1.00287185594981 -0.136763921018272 -0.0158554544629471
0.703504752508131 -0.184233061291988 -0.113278042078594 -0.163248553856486 1.06611756057383 0.0292762965045349 -0.00718181472390298
0.703854752508131 0.000706872656450602 -0.00638206858720592 -0.0947021914389956 1.00760762243704 -0.00823131648728 -0.00750930316210149
0.704204752508131 -0.0435633361906512 -0.0926762004677816 -0.128261491451595 1.10486411159978 0.0772352209575564 -0.0359635505813671
0.704554752508131 -0.0974052027021329 -0.10226955211318 -0.146749522594319 1.01745726630141 -0.095663518024618 0.0355446933798189
0.704904752508131 -0.0708921916300303 -0.297890515234372 -0.132166268235057 1.03184326160318 -0.0930325110149312 -0.0309637264769038
0.705254752508131 -0.17671066310328 -0.145153085128753 -0.212096003919714 1.12661664974078 -0.137813228326515 0.0390913333022211
0.705604752508131 0.106641270434737 -0.145807383925081 -0.180989888657199 1.08888539794977 -0.0284281117643189 -0.118624262845883
0.705954752508131 -0.114188944345243 -0.22326747811437 -0.158211078361533 1.14037784152441 0.0155726950771042 0.145187536506872
0.706304752508131 -0.103055102239754 0.0245624235769304 -0.126263265057845 1.12894552625373 -0.0904672273053957 -0.11181382874586
0.706654752508131 -0.185935146789579 -0.145461983315619 -0.135011921597028 1.13660276171432 0.0193399821179184 0.0661102689229507
0.707004752508131 -0.0428870045997258 -0.10214660739091 0.00283154077020282 1.10710678614728 -0.0985893406491244 0.00776088943201751
0.707354752508131 -0.241840466061715 -0.0998486997986365 -0.31820452181258 1.12647880068432 0.0546744502174921 -0.0235889844646749
0.707704752508131 -0.0788964801310329 -0.00734081760422101 -0.0619356505004446 1.10868200897762 -0.0632263536415615 -0.000522613053861002
0.708054752508131 -0.231353017397717 0.0421846565854026 -0.193403034684604 1.15105671975981 0.00135122951790902 -0.0608972349136899
0.708404752508131 -0.0583698881619113 -0.188245715341804 -0.0532756027430087 1.22337086542044 0.00654959580672234 0.0237760390034257
0.70875475250813 -0.112682347253951 -0.0841683658688548 -0.174212506426348 1.1741033372327 -0.00375410261468347 -0.0290214948720996
0.709104752508131 -0.111479340522516 0.040948864066828 -0.0427320395606535 1.22001797720542 0.0175248500481966 0.0292248226570002
0.709454752508131 0.00563522903319454 -0.230915129211397 -0.231050807892879 1.1826775510263 -0.00934952356190606 -0.0152509524109471
0.70980475250813 -0.0524315976830112 -0.0535490113474201 -0.16447872161291 1.14169556526609 -0.129922641435748 0.0465526426863332
0.71015475250813 -0.0858944544559114 -0.259897381372075 -0.0942582059715342 1.17852376871172 -0.0908456724711473 -0.0842923154301168
0.710504752508131 -0.216067007738521 -0.0977739936640779 -0.148114673970401 1.12060876174815 -0.0298409304968953 -0.0530320971398632
0.71085475250813 -0.188229462057744 -0.0323429765078942 -0.0198354598364223 1.20415390747972 0.0726365376544846 0.0214683547888858
0.71120475250813 0.0315862518634235 0.0128863949154341 0.0441350287534668 1.18569460574195 0.0151123239919778 -0.0881809041052984
0.711554752508131 -0.211078709579567 -0.14665461888516 -0.324237652357177 1.17415531812284 0.023423662338108 0.0546012674892728
0.71190475250813 -0.0375080485001641 -0.0983634125781567 -0.104776801601947 1.15730400284559 -0.0115124482443746 0.0392221100506904
0.71225475250813 -0.138946660749593 -0.159321048873157 -0.10732317359151 1.24866196159461 -0.0006108254056454 -0.159944760195053
0.712604752508131 -0.058228109059163 -0.0832718558182619 -0.169814017962381 1.18739618710207 -0.0280890365392179 0.000564854113844077
0.712954752508131 -0.153102414314999 -0.126926918635509 -0.276421985682972 1.26610338298051 -0.134889379094991 -0.0442563047502252
0.71330475250813 0.0489326454952692 -0.199764147079414 -0.220107289124595 1.19154555614063 -0.0825444586546561 0.0299032801174186
0.713654752508131 -0.110137399489349 -0.188904863305659 -0.0715602849244069 1.28018453603037 -0.0420232943880309 -0.0632174667179062
0.714004752508131 -0.0657126139017478 -0.050247531585246 0.0141621359006846 1.18845820229276 -0.0217281017601586 0.0111606158877833
0.71435475250813 -0.156782635895216 -0.336073722479865 -0.284585740146772 1.255373290415 0.0154644213199601 0.00768025171770497
0.714704752508131 -0.118893106163664 -0.1505059472967 -0.113295285473404 1.29495351470181 -0.0122628966693999 -0.0385062702500222
0.715054752508131 -0.0614729404621008 -0.307947983787042 0.0473406934507981 1.23016159485529 -0.100041291109978 -0.0137001452853153
0.71540475250813 -0.0722192502873643 -0.122150143796307 -0.18583912896549 1.38741902968572 0.152364087043855 -0.124136319648299
0.715754752508131 0.0143185143229333 -0.249215496524555 -0.093632182713115 1.23486193899271 -0.114052550451295 0.0892576908173211
0.716104752508131 -0.139779111581479 -0.189642115330464 -0.0579705635175505 1.27761219233213 -0.00100559105888974 -0.00122365098515245
0.716454752508131 -0.0979988238030072 -0.321398478475639 -0.0915600726233425 1.26989758744462 -0.0548021958342182 -0.00481924476812255
0.716804752508131 -0.0607985485862938 -0.0764102285334447 -0.145513841428718 1.20768715409293 -0.104009524271208 -0.121178890583474
0.717154752508131 -0.0473259508342315 -0.306757347693297 -0.229501019818597 1.21201581516529 -0.0627873508527762 0.0695954520861913
0.717504752508131 -0.140096223892303 -0.278470704122671 -0.140662587874546 1.29166377034966 -0.143229532856747 0.0165824115751159
0.717854752508131 -0.118463359605491 -0.180790937851228 -0.197021749707098 1.24483603303883 -0.0890036233794285 -0.0565184217643283
0.718204752508131 -0.176389805756861 -0.20322056677392 0.00223338043507083 1.45116645571811 -0.116262472233181 -0.0159009030848247
0.718554752508131 -0.0990296825781207 -0.204642131577316 -0.266938487828778 1.21463362731249 -0.0746168687863117 -0.0261819159688409
0.718904752508131 -0.0396691872094427 -0.0882712395303364 -0.0237648934727441 1.25881769769014 -0.0251468290053018 -0.040837047981591
0.719254752508131 -0.231941217819413 -0.234999044029193 -0.262558988748107 1.27237676697941 -0.0343790564128317 0.0722053258432988
0.71960475250813 -0.119216012288599 -0.195844451404008 -0.198378637781324 1.32310367222056 -0.000847241776392327 -0.138985885063353
0.719954752508131 -0.207088147384915 -0.148910897566692 0.0189014418317461 1.26816569702563 -0.0598534826114301 -0.0366015577783438
0.720304752508131 0.0304555723212358 -0.258258535363441 -0.154554418182978 1.33980870340369 -0.00910849636639107 -0.071674883138592
0.72065475250813 -0.0632156857930311 -0.367393649651073 -0.0532703801202196 1.33020280591737 0.0739597423413826 0.0776969095116936
0.721004752508131 -0.120907058574641 -0.173176612243732 -0.134267704600108 1.28132215023388 -0.0221982454512313 -0.0161232750243879
0.721354752508131 -0.280571599348339 -0.235099830055859 -0.125925404223749 1.33656886566843 -0.0432770759861524 0.0517508158955719
0.721704752508131 -0.0850659426048735 -0.0797033404823475 -0.16813375525005 1.28958914438993 0.0233657211266289 -0.0332708977060814
0.722054752508131 -0.0701284628263331 -0.228550838578726 -0.1940570755389 1.37282933203313 -0.026191472068946 -0.0668181348937281
0.722404752508131 -0.0978376729794252 -0.158941620881417 -0.0760571649905938 1.29512548244637 0.00217057158412613 -0.0873043301021168
0.722754752508131 -0.152534173357152 -0.197136194574164 -0.116649308575943 1.38197080168364 0.00722584593529762 0.015644211794477
0.723104752508131 -0.0388464576110478 -0.176998461878835 -0.0431749954685703 1.32738208182216 -0.0318021727027945 0.00990949885216174
0.72345475250813 -0.194888087942606 -0.401091203383491 -0.343428855155433 1.31339218585332 -0.0647459091434047 0.0164570797228351
0.723804752508131 -0.0649421964211327 -0.21949266564096 -0.0992876409034781 1.31970750941463 -0.0378275069862883 -0.0227244793176291
0.724154752508131 -0.199678577435638 -0.276244647391851 -0.147827162621144 1.36391237055044 0.0188652780501127 -0.051499256549433
0.72450475250813 -0.0743824684045243 -0.30444551729897 -0.20406722466216 1.40660750410984 -0.0902503682926252 0.00850753496071738
0.724854752508131 -0.0931955850488074 -0.0434255041525786 -0.123921886287042 1.35345852027419 -0.118566121606216 -0.0997812766767696
0.725204752508131 -0.199806515876705 -0.239913250373201 -0.216980012544607 1.40072697213632 0.0128278732569236 0.0213618146167921
0.72555475250813 0.0855495607840822 -0.0622966327034085 -0.378481984587786 1.36256322421822 -0.0542595292482531 0.0463311451659774
0.725904752508131 -0.417783433403906 -0.211263812809366 -0.161398423888023 1.39875166227876 -0.116484258768065 -0.073281255388115
0.726254752508131 0.0728796707532401 -0.225351131673032 -0.353545057729858 1.35203890401516 -0.0357600402900789 -0.0392787333459928
0.72660475250813 -0.0346408837593372 -0.121850646759611 -0.14911662888148 1.33639408198014 -0.0369929173592961 -0.0948757230375627
0.726954752508131 0.010876786708283 -0.22182613795469 -0.142063652279204 1.31346695695874 -0.0105834407158855 -0.0953358721433875
0.727304752508131 -0.192729439435869 -0.211416884297227 -0.361078821979745 1.47730399632979 -0.0569951758916572 -0.0772982550299441
0.72765475250813 -0.0649219807609421 -0.0470315658619639 -0.0967001867280541 1.35271836196714 0.00109513886205671 0.0326757695576491
0.728004752508131 -0.190518438293783 -0.239790476993456 -0.294216679030179 1.38703952885242 -0.0143026173460551 -0.0118037864294293
0.728354752508131 -0.133583244945843 -0.278661341675387 -0.134655583207358 1.362543449656 0.0510650955543556 -0.0044229303988546
0.72870475250813 -0.338428217330282 -0.141042731628338 -0.224540026091787 1.50127185913476 -0.00208917973866482 -0.0418232267597623
0.729054752508131 -0.0776387617124525 -0.346717336075916 -0.280376158024893 1.46094169101643 -0.0205020086819537 -0.044448636369892
0.729404752508131 -0.175788525598301 -0.249284423195011 -0.179063115688258 1.41692176027486 0.0219432209834184 0.0353493331522703
0.72975475250813 -0.180286229966693 -0.169313309830067 -0.154858140034019 1.40226460952644 -0.0640028245392571 0.0758864024577314
0.730104752508131 -0.0754653766851913 -0.203557549486758 -0.10953304145216 1.33927366689702 0.116486700098219 0.0730992930800312
0.730454752508131 -0.296660413584288 -0.20427961120798 -0.33382071198152 1.55197706997702 0.0187179305580611 0.0454486397374508
0.73080475250813 0.0498430516406023 -0.0892276025490008 -0.241498764876611 1.39298481800596 -0.00723970898921313 0.0355804688593389
0.731154752508131 -0.209845652153835 -0.29803217998042 -0.221633094802712 1.49437989042893 -0.0858884165891643 0.0360895383742368
0.731504752508131 -0.113494786279227 -0.285867360286425 -0.212846248685339 1.5259284680867 -0.0548932954459678 -0.0231129709421455
0.73185475250813 -0.102390925662261 -0.281563808483136 -0.19889901574762 1.3753324085166 -0.0355901282472993 0.0587081401436484
0.732204752508131 -0.105223106151773 -0.298908413289998 -0.264770093182032 1.51792142759568 -0.0901084718243766 -0.0542908719122793
0.732554752508131 -0.0537262908592603 -0.327278108318308 -0.165860666312862 1.36003304335247 -0.0445467582829169 0.0975860078613878
0.73290475250813 -0.166085367272858 -0.115808996692328 -0.227909163701572 1.48289695947403 -0.0202472249967535 -0.077614504505323
0.733254752508131 -0.17879058329049 -0.0623207782217073 -0.238543245792929 1.41674192848199 -0.0256136273317264 -0.0133013149737001
0.733604752508131 -0.143918888031982 -0.199344645947518 -0.138210489833313 1.40652374945078 0.0856959801125042 -0.0567319633444854
0.73395475250813 -0.0254147916704353 -0.270150823451966 -0.11023357364866 1.45769383405489 0.0375266099918411 -0.000806323891917373
0.734304752508131 -0.167249640655231 -0.30284240133662 -0.26714149229128 1.53097777122136 0.111990229081204 -0.0287433954635963
0.734654752508131 -0.0987204959780887 -0.203158615101398 -0.163901145263637 1.52013442411121 0.0211422785475955 -0.0176010322459986
0.735004752508131 -0.193597060284081 -0.274506584616592 -0.42588977691014 1.47074462958185 0.110821168352861 -0.0587286850901658
0.735354752508131 -0.0586996438382286 -0.258232166713273 -0.190378381940995 1.35910668822494 -0.100412901112163 0.0472921136671959
0.735704752508131 -0.15778289979094 -0.256948034199193 -0.193266134805586 1.60353993253747 0.162043601102961 0.0497867524740717
0.736054752508131 -0.187052283083243 -0.233747558783279 -0.313868154450137 1.44977030697236 -0.0556847981904053 -0.0326995898738386
0.736404752508131 -0.142454358673121 -0.263911188859296 -0.175853637646305 1.48861163060076 0.0723222139111876 -0.0152472897894764
0.736754752508131 -0.244988785088101 -0.361850696598985 -0.0703968036916708 1.56056618981165 0.0197535430205444 -0.0874809007352387
0.737104752508131 -0.00164762001846598 -0.151675394975138 -0.145604493966664 1.5253844652032 -0.0305778913377146 -0.044965588023543
0.737454752508131 -0.287627017811942 -0.218887830042509 -0.223396240971774 1.48018006703491 -0.0222124092220089 -0.030266131303089
0.737804752508131 -0.169053807936384 -0.375109953125827 -0.150244568496319 1.49119333536569 0.00159734874164374 -0.0531742754924985
0.738154752508131 0.015656753665399 -0.0660487479059712 -0.275603517923541 1.4614131485157 0.00529410667812892 0.0253411503834864
0.738504752508131 -0.341745699641011 -0.226858017847067 -0.145840781749712 1.62628908867393 -0.0242077769090561 -0.0216144099324127
0.738854752508131 0.0458200441803757 -0.368110951340821 -0.240326475442387 1.45163018660069 0.114311347573591 0.0336709032388083
0.739204752508131 -0.24950013583597 -0.365400810139257 -0.0966842098132345 1.61528876789287 -0.0332675794494773 -0.0680711126274388
0.739554752508131 -0.155761204083766 -0.351583281426245 -0.0937571628038135 1.56755288741385 -0.118439159908351 -0.127551507275544
0.73990475250813 -0.10479477841189 -0.218627830001345 -0.288600360487801 1.47751374859416 -0.10432993213839 0.0746149717431519
0.740254752508131 -0.186575906916309 -0.403502571491465 -0.177395631889448 1.53294906819443 -0.0995725777562226 0.00683438712744229
0.740604752508131 -0.0584087108392704 -0.125551025573542 -0.121409117132517 1.47509420156697 -0.091615585239408 -0.0764288795636236
0.74095475250813 -0.301078294826079 -0.422120104780231 -0.292738970797355 1.57252903050296 0.0157330398995903 -0.0599308833921691
0.741304752508131 -0.439669243029556 -0.214616068864452 -0.03954969175402 1.60099174621027 0.127455834421552 -0.0798050690952219
0.741654752508131 -0.215773158561766 -0.307054749529734 -0.261309227029641 1.52631038227835 0.0114651501553368 -0.0206016697743418
0.74200475250813 -0.100176120544118 -0.278632840238835 -0.261857890442776 1.58308642115441 -0.0340619983748471 -0.0464354441301273
0.742354752508131 -0.079869051291603 -0.339480558206012 -0.120756140463344 1.54925743001596 0.0963055264937818 -0.0409395699452594
0.742704752508131 -0.383502674338341 -0.315257766217669 -0.279615566202468 1.51266501629352 -0.0837175384630338 0.063523774309443
0.74305475250813 -0.0846789430864672 -0.316189051536925 -0.230557332165023 1.66971388353864 0.0648047608898494 -0.103335783070932
0.743404752508131 -0.246645370095524 -0.451478496618798 -0.143099702798259 1.49329553327137 -0.0335031540898261 0.0157060291329565
0.743754752508131 -0.0414646775485792 -0.245372285178324 -0.324566598323898 1.63038694867772 -0.00941161087698525 -0.0598131817176933
0.74410475250813 -0.167361274032948 -0.186185949473427 -0.160141661120641 1.56771048198461 0.0986549918478771 -0.0180495056488395
0.744454752508131 -0.0636445437098181 -0.204337501883816 -0.164023453570231 1.56973515905411 -0.000717937638907989 -0.12606493577706
0.744804752508131 -0.0474921434939694 -0.276090839609567 -0.241549549329619 1.55801078420657 -0.0579167446123339 -0.0499523582281811
0.74515475250813 -0.173991003126702 -0.270851326660941 -0.116839668235269 1.57731929544525 0.0484734856641734 0.0395311324183993
0.745504752508131 -0.202472129382284 -0.296240628025208 -0.473014995169535 1.64086237108022 -0.033759324260994 -0.0484569999469048
0.745854752508131 -0.0576680810626822 -0.240186129291672 -0.23837153693333 1.49136836572901 -0.0140902083768791 0.0198858651509314
0.74620475250813 -0.124434895540528 -0.314902621134493 -0.239529346840853 1.56575847550385 -0.0474665273768826 -0.0651688048652869
0.746554752508131 -0.114065355272557 -0.237194521677049 -0.25013572929725 1.48367452699931 -0.0326955706733644 -0.0129699151375465
0.746904752508131 -0.0290375124592054 -0.338861198649675 -0.183416212252212 1.61078933046816 0.0586805430494801 -0.0498456513077881
0.74725475250813 -0.212102915244786 -0.324848517989129 -0.120068836433271 1.48135496730595 0.0330809342599382 -0.0550967624121773
0.747604752508131 -0.161625584735096 -0.230512921190016 -0.334659400786001 1.61022996315096 -0.0260147392014379 -0.0361226152912285
0.747954752508131 -0.0687330022717137 -0.285654543910753 -0.309920416803144 1.50081890752944 -0.051319409547604 -0.062399112529976
0.748304752508131 -0.297880610519379 -0.3603501808548 -0.40015253968804 1.61905050805092 -0.00637719616507941 -0.0604725307754471
0.748654752508131 -0.0203220633152234 -0.0642950104207472 -0.194533375442934 1.6125849733985 0.065697844789641 -0.054206627619417
0.749004752508131 -0.241103810493483 -0.339525425111651 -0.387301061706793 1.62528244003016 -0.0356741639207433 -0.0963772140893898
0.749354752508131 -0.0529320983445592 -0.117889416697141 -0.334691746084577 1.62069034221051 0.00868250125605772 -0.0752672284620537
0.749704752508131 -0.309438040463302 -0.447929474121716 -0.405021543686372 1.49793308465645 -0.00295899718576995 0.03613604052215
0.750054752508131 -0.0212018031869136 -0.270828227690607 -0.132110796997415 1.61442974721369 0.0527465550986995 -0.0464084658036969
0.750404752508131 -0.203697993803482 -0.371706164956944 -0.304489194683965 1.57470810222145 -0.0150126881436989 -0.0830569408686805
0.750754752508131 -0.132908841963141 -0.262556549897553 -0.271406170648647 1.58145469553286 0.00372967743007158 0.0100678075963464
0.751104752508131 -0.286249407880448 -0.287048625781307 -0.304596256195004 1.65726754247052 0.0868020131343004 -0.0886024896575681
0.751454752508131 -0.138916891225348 -0.316018362372672 -0.142255499804483 1.6277925722193 -0.0503283755802838 0.0269510451722699
0.751804752508131 -0.255111852334449 -0.228425964230001 -0.315309369484532 1.64762108848073 0.0998704840517301 0.0352126497589007
0.752154752508131 -0.119428614575377 -0.193105216182409 -0.24053304128182 1.63331535601537 0.0611502466982135 0.0165099394397739
0.752504752508131 -0.178332496254481 -0.213382311509831 -0.179595931723277 1.56303341907319 0.0372467197993736 -0.0672831024586751
0.752854752508131 -0.101554450204059 -0.294917023424188 -0.234454331695657 1.66788989698132 -0.0129469410669899 -0.0520383382243098
0.753204752508131 -0.142288929721231 -0.301810327966839 -0.262809181602208 1.6495484940056 -0.110536441354047 -0.107795219306518
0.753554752508131 -0.0548498380483165 -0.159782860930348 -0.273598326915302 1.647059028749 0.0450420719540407 -0.121899266426139
0.753904752508131 -0.190350888870779 -0.259082307359583 -0.0992864930047755 1.55069541531549 -0.0599840388331469 -0.044514108936137
0.754254752508131 -0.288054942715071 -0.460054352244117 -0.372260938864536 1.65883634073954 -0.0624624936540967 -0.0683298890136976
0.754604752508131 -0.190920351912698 -0.237683926648358 -0.220343883110043 1.6022518130076 0.0707940156288081 -0.0704224946280959
0.754954752508131 -0.299020028029909 -0.421303640329195 -0.235749881730984 1.59410236214943 -0.0161002880105707 0.0653645300539861
0.75530475250813 -0.20492137003642 -0.183294453765237 -0.33717641134089 1.49674831597166 -0.0184198543715764 0.0174538278148687
0.755654752508131 -0.109623336379645 -0.483075906259538 -0.300927467459779 1.61377434933505 0.000312183000202429 0.123890473275634
0.756004752508131 -0.193678979450121 0.00486387778151566 -0.345039921762294 1.64952191293271 0.0385127570949171 -0.029131548218088
0.75635475250813 -0.117323947799685 -0.388879617132244 -0.249773655107033 1.60912678076539 0.0672312638525068 0.0113543409952584
0.756704752508131 -0.24443830355266 -0.441689523737845 -0.296717234397606 1.53825867290697 -0.0878520717079971 -0.123342830188851
0.757054752508131 -0.186674116195628 -0.246305784738636 -0.20158527233986 1.65609907822655 0.000326917122035846 -0.00151074155643156
0.75740475250813 -0.23620022883989 -0.272116110659422 -0.412784751516487 1.65215526471248 0.140975177750363 -0.0203581609412866
0.757754752508131 -0.181454939067637 -0.290433044096841 -0.205455881371982 1.56047078107315 -0.0741383658048123 -0.00998540529607305
0.758104752508131 -0.151456359185671 -0.354873475760837 -0.318444557498179 1.67422134425961 0.0351561139772692 0.0732867355326092
0.75845475250813 -0.438785696332685 -0.416761515545333 -0.500405564729349 1.74793086640955 0.00610527332614756 -0.163276519050515
0.758804752508131 -0.166819029264224 -0.254534990843815 -0.184326589998817 1.66493103500772 0.0557140778281032 0.0124146738934562
0.759154752508131 -0.242613802266062 -0.490659891020414 -0.522307446095575 1.61549922997744 0.0579289308582391 -0.0790681546339164
0.75950475250813 -0.258415785390388 -0.159451041950775 -0.283001736052927 1.64405450336872 0.0102361337597498 0.0555599354254226
0.759854752508131 -0.275691342112774 -0.35976646664385 -0.357692196588085 1.61192161458586 0.0640005611552487 -0.0220554615594212
0.760204752508131 -0.240515929872353 -0.194177537693283 -0.122869495779126 1.73049400188922 0.0298360229837761 -0.0741009632682094
0.76055475250813 -0.263331640581395 -0.2151674692502 -0.251952402242006 1.64539412475247 -0.0069636616303205 0.0151060438439197
0.760904752508131 -0.29349679320736 -0.354636006358303 -0.298447899198556 1.65003312432927 0.208285582443589 -0.132439102618907
0.761254752508131 -0.303640027669516 -0.374189960501595 -0.270306274948463 1.70640655022377 0.00341469800392967 -0.00576250214032481
0.761604752508131 -0.276153169296445 -0.344145328357378 -0.416945801208066 1.70542234231168 0.10460276234488 -0.0641114795310762
0.761954752508131 -0.0805217923770419 -0.447950320462949 -0.376286141037104 1.71473815827045 -0.019286943586762 -0.0594363934842147
0.762304752508131 -0.207041740034582 -0.266094214940218 -0.277189217589852 1.57672403094406 -0.0262508250976109 0.00747815484884176
0.762654752508131 -0.187972742488843 -0.305176763183471 -0.291716851973419 1.72446778019368 -0.0142948508099042 -0.0934442364008187
0.763004752508131 -0.0663368089463042 -0.3827977714953 -0.292950935487279 1.62967066337328 -0.0290859635606117 -0.0608367707652221
0.763354752508131 -0.223383372447401 -0.168378903843585 -0.266312169171452 1.67423720452697 0.0317959437618086 -0.0215803386492021
0.763704752508131 -0.201158883761313 -0.371150465142803 -0.396209280462607 1.65249517276472 0.149285267478146 -0.0672671024033231
0.764054752508131 -0.181364102156093 -0.321362574569854 -0.375517826532107 1.60460208430653 -0.0154773345848951 0.0545355897459523
0.764404752508131 -0.289329012614755 -0.494399554407988 -0.372376168567439 1.61180024594409 0.0210119135313549 -0.174699266402941
0.764754752508131 -0.301814287985703 -0.468132507462856 -0.407137224884507 1.65156126447844 0.0224030539021847 -0.0246960254565617
0.765104752508131 -0.325017468846921 -0.395449296713452 -0.149141019732527 1.71329543498842 0.00594662281433637 -0.0479985362837326
0.765454752508131 -0.145171891086225 -0.334006538171906 -0.334902725985044 1.58724116028574 -0.0532682512720529 -0.0319719747387469
0.765804752508131 -0.20465927389349 -0.568074950068159 -0.281455941503915 1.61986280367889 0.141432182505561 -0.0368327421905532
0.766154752508131 -0.142605972668447 -0.224753130240576 -0.155590288203208 1.66735701808596 0.0650279914061829 0.0681406141868973
0.766504752508131 -0.271481387515237 -0.429676256975682 -0.405353623359288 1.68126250656066 0.0984851755491803 -0.024725020383982
0.766854752508131 -0.262621465404342 -0.386680103583362 -0.185496903171418 1.5484896532641 0.04777691801544 -0.0241941127343157
0.767204752508131 -0.301659241209474 -0.441401215953121 -0.459379512676694 1.67650902527332 0.0700115375346978 0.00919740743238513
0.767554752508131 -0.135709351928861 -0.251943658394966 -0.117512025926767 1.71213381433861 0.0165718317388218 -0.0687594853972993
0.767904752508131 -0.30930463144277 -0.562786741619181 -0.466495470141297 1.64209837366785 -0.00683280746264819 0.168716900930797
0.768254752508131 -0.352126493112178 -0.283639893084668 -0.289291305924119 1.65873639104542 0.0693390968187433 -0.0636012460266021
0.768604752508131 -0.230397132689387 -0.467553667645014 -0.443603493580623 1.811147771204 0.0401163981678688 -0.0589811268041799
0.768954752508131 -0.265202295766092 -0.539866923811845 -0.283907713235848 1.57398618073994 0.0558356170989834 -0.119382984582853
0.769304752508131 -0.261309005230145 -0.486773572958562 -0.323761250919113 1.68343467251748 -0.000798390737086919 -0.0469661434895354
0.769654752508131 -0.161796018440861 -0.390360034281363 -0.436937992014613 1.59207279939463 -0.00832476447675904 -0.0239059433417135
0.770004752508131 -0.380121910303944 -0.429636173522986 -0.218193638013862 1.68660294526995 -0.0995419817012297 -0.115482176070889
0.770354752508131 -0.19691436537771 -0.310529604493134 -0.195809560787799 1.79606211536349 0.0265031244413463 -0.126581734259029
0.770704752508131 -0.192898417389338 -0.469980511514663 -0.342096548881093 1.66350793004789 0.00272601493667563 -0.030035366548569
0.771054752508131 -0.245096213409541 -0.297046695040745 -0.284670795177963 1.72840003147801 -0.0272880988030866 -0.0751635336168967
0.771404752508131 -0.277280980714093 -0.488741842670991 -0.246722266151899 1.64412979883401 0.0157092358205687 -0.035683534024229
0.77175475250813 -0.205803254950567 -0.300600700163453 -0.37153382727305 1.61680906046705 -0.153587016242104 -0.0450111072065392
0.772104752508131 -0.411717512780253 -0.623409473472009 -0.27870883751954 1.62300228944545 0.00589796207874764 -0.0241630485787926
0.772454752508131 -0.191026798697166 -0.265353940151385 -0.272048121422897 1.68316942226424 -0.0409388094662071 0.0600092268758136
0.77280475250813 -0.272195798717503 -0.467779501856329 -0.353803950411721 1.70401035642973 0.0155666643681592 -0.0211447985643471
0.773154752508131 -0.125160150865353 -0.500931522440022 -0.427325252151127 1.63355424433541 -0.0307202084319037 -0.0407501643317108
0.773504752508131 -0.21099236796947 -0.374302610087487 -0.233695894773925 1.7046830067593 0.132331474168201 0.0250511859337036
0.77385475250813 -0.170642749271666 -0.423920628230503 -0.294418244352789 1.62638095234429 0.00536884843065661 -0.0122856330357623
0.774204752508131 -0.188661532099049 -0.354280201122919 -0.496192426768936 1.71928583464771 0.00479579441280335 0.00219258958294479
0.774554752508131 -0.195774814769967 -0.344936822139479 -0.254104890148012 1.69724684967794 -0.0362580397102314 0.115032517832535
0.774904752508131 -0.279020901610121 -0.329238845540242 -0.297819610683358 1.65802186158852 -0.073390567409876 -0.0827917593176107
0.775254752508131 -0.386364978306386 -0.525678778470342 -0.39186192590303 1.71480861012502 0.0821896479162519 0.0118506017296892
0.775604752508131 -0.135267654078547 -0.378508732624442 -0.217393110880006 1.66579312637771 -0.0440609024761027 -0.0647548452894778
0.775954752508131 -0.135836969038152 -0.491550778361448 -0.448041788430494 1.58459976856217 0.0561294840739174 -0.0352296891288902
0.776304752508131 -0.220296738631215 -0.399423854993969 -0.320816308108019 1.66340305200775 -0.00344759368215446 0.0290170251005188
0.776654752508131 -0.302104242312762 -0.43878654702046 -0.410326796674235 1.612893689501 -0.102175827527337 -0.0746978563636845
0.777004752508131 -0.133778489805234 -0.571702913323485 -0.24866509386701 1.68286432888659 0.0531304907229654 -0.128650140492907
0.777354752508131 -0.294365049418468 -0.397526606509227 -0.343475638744864 1.66738836692788 0.0186627016988114 -0.0492488124377068
0.777704752508131 -0.295392538907287 -0.426871561572988 -0.287567792730582 1.65780956613311 0.0896881213347538 -0.00156704172754194
0.77805475250813 -0.353944799851711 -0.541904683393168 -0.463126366282948 1.58134636656085 -2.96928642635462e-05 -0.0312311535136032
0.778404752508131 -0.19002779007325 -0.37270713452455 -0.362154852142285 1.60477495732076 -0.115087968804074 -0.123714420072046
0.778754752508131 -0.420106720530401 -0.594553150702354 -0.481980710948161 1.62035813376524 0.0596340149475252 -0.0877916914627392
0.77910475250813 -0.132076381307473 -0.261556502229088 -0.250479022549879 1.62052440470095 -0.0339672848437408 -0.0992457008114756
0.779454752508131 -0.28354468458296 -0.560699567305014 -0.44492528377007 1.64248046170718 -0.0410957935752614 0.00712184261743479
0.779804752508131 -0.337367690773464 -0.433656402001626 -0.384314003332092 1.61642807743274 -0.0284525702573581 -0.0413237671927418
0.780154752508131 -0.3334016783491 -0.558239230586034 -0.306523914951061 1.71938017004659 -0.0223723013119898 0.0525780642700255
0.780504752508131 -0.307984230629139 -0.327106982710785 -0.399589195593102 1.74904936054018 -0.0491329591183586 -0.0257890404365418
0.780854752508131 -0.291393466346378 -0.631225407197649 -0.374638392212263 1.65697017846031 0.044387986873129 0.00777558464918228
0.781204752508131 -0.223362938034549 -0.387497738122913 -0.354686680910545 1.59669601172574 -0.00435411141454333 0.0379139247860461
0.781554752508131 -0.201760126859962 -0.463303798320645 -0.21501443136571 1.67469918436731 -0.0604311142265736 0.00972522864905141
0.781904752508131 -0.413249810169974 -0.438660297239092 -0.414913995081351 1.60152879195582 -0.0373609616294358 0.0646876788794754
0.782254752508131 -0.135576551543573 -0.472468900062251 -0.283856050991864 1.61569013594329 0.00252705116755301 -0.105506845592274
0.782604752508131 -0.152381030106372 -0.500430671684333 -0.267744181840205 1.68995636562814 -0.00236908731573194 -0.0725681656937109
0.782954752508131 -0.259143317346864 -0.442731554948778 -0.265671258766911 1.84743004999583 0.0213020013319641 -0.173320637026265
0.783304752508131 -0.303147098316655 -0.509463569947414 -0.286269909449229 1.61740367616815 -0.0117527286275092 -0.0537998752598811
0.783654752508131 -0.303191336594543 -0.359408378400582 -0.370366460812819 1.68675921328942 -0.117342981389841 -0.110512378338817
0.784004752508131 -0.214054289991746 -0.367057934995599 -0.196849572020777 1.73281250635165 -0.0324637763105642 -0.048334544151906
0.784354752508131 -0.400066467171684 -0.687609553475809 -0.427201475173263 1.78716971971074 -0.0481385538173848 0.00635905181010719
0.784704752508131 -0.117436287881545 -0.459175782849846 -0.258614840476336 1.71799114955092 0.00850894956195927 -0.0859961825076613
0.785054752508131 -0.430289459775295 -0.609698690140767 -0.454944314664001 1.66084435279555 -0.000424080594072686 0.0596297746595395
0.785404752508131 -0.187821793595596 -0.464233968929687 -0.272386265404007 1.66537960902664 0.0179487552898025 -0.0542319729995271
0.785754752508131 -0.362347194355994 -0.436006434436534 -0.238928500945421 1.65593887894857 -0.00184215702695316 0.0341589133503671
0.786104752508131 -0.183302868348624 -0.626606373126359 -0.622261223041816 1.6505788446285 0.00508968850927533 -0.0429222864812124
0.786454752508131 -0.38488698417086 -0.476508120407499 -0.230194843457537 1.72725202465286 0.0139668263632334 -0.167385131215449
0.786804752508131 -0.0111440231880168 -0.290271737569736 -0.332459199259167 1.67454802003038 -0.00465008152966727 0.0432274871704244
0.787154752508131 -0.39176566323029 -0.68935425312779 -0.54168791562724 1.75613690727323 0.028513021355045 -0.179693053760108
0.787504752508131 -0.0802706877461381 -0.397029915898749 -0.105566946585106 1.65478891285997 -0.0224282563699854 -0.00327864694625411
0.787854752508131 -0.227784627054541 -0.664409331541084 -0.558458166044892 1.59457098314621 0.0899768048289639 -0.122352154776601
0.78820475250813 -0.205675019078305 -0.45202132040669 -0.36386417136564 1.76871825886775 0.0564606233015898 -0.0104654502288862
0.788554752508131 -0.20111142307104 -0.475615675148854 -0.46248266846641 1.66121376917775 0.0444344764155816 -0.0161765846253178
