# Fix print output for fix defX
-0.00128564155422591 0.077780799706845 0.0938318698897019 -0.0682439856378029 0.0365649874047727 0.0401674448063415 -0.0446147187386378
-0.000935641554225897 -0.273860210648662 0.0124947167326629 -0.0335298629604953 0.00592700612229846 0.0168702535538873 0.030388504158839
-0.000585641554225904 0.119433993559512 0.00149060346027835 -0.0361117433930418 -0.0433051602865206 0.062075543771069 -0.00688195465611805
-0.00023564155422591 -0.264729045909893 0.179582013660328 -0.0987958268743767 -0.0364133389082444 0.0509002209576928 -0.0125205910477968
0.000114358445774083 -0.0172405660635648 0.0215552747871374 -0.0334303681793438 -0.00839538054810572 0.145598736483107 -0.0554492789675028
0.000464358445774077 0.0378092299604816 -0.0422402634659627 -0.113479879847412 -0.0233909691735786 0.0535721853899511 -0.0151353567739261
0.00081435844577407 -0.0503784270247207 0.19889708388663 0.0961088444730982 -0.00400583361975809 0.00635885961292837 0.0110486657129715
0.00116435844577411 0.0362838877558548 -0.0758901841887964 0.0534842349642795 -0.0318814533244843 0.0388517357660706 0.0495648902712062
0.0015143584457741 -0.0644069270890399 0.0931927029983297 0.113728878305314 -0.0185628243512254 -0.0836047555953259 -0.014500760016936
0.0018643584457741 0.0434565976093317 0.15306472571466 -0.160769775843347 -0.0705352467060503 0.00135573543546768 0.0894180018422507
0.00221435844577409 -0.0895670701161488 -0.0943979558828436 0.105126481173211 -0.0671549521113283 -0.00431271745506303 0.0862924726577198
0.00256435844577408 -0.102606624835545 -0.0244965221417985 -0.0475942923677827 0.0157494125971031 -0.0495141212750598 0.0200489821660124
0.00291435844577408 0.0955836412568304 0.028718866302819 0.0985437614072579 -0.0122038471427543 -0.00741528948126358 0.135325854801382
0.00326435844577407 -0.0820084556575084 0.00720311311584034 -0.139749104873681 -0.13225703561009 -0.0103354246267919 0.0969810451121442
0.00361435844577411 -0.0190968054031343 0.159396427294504 -0.0723843122902592 -0.0470230767342359 -0.0261242315954646 0.0257909135872024
0.00396435844577411 -0.0438275855772401 0.142747740146594 0.152590233352098 -0.0192120453624323 0.127293224269416 0.0504294024278365
0.0043143584457741 0.108019000606001 -0.0299318073618504 -0.0158137872447059 0.0165735674693797 -0.0306702565072649 0.125820881768384
0.00466435844577409 -0.105637546480049 0.0117193094352151 0.044833165061924 0.0343189412225165 0.109882699322608 0.0521807849526612
0.00501435844577409 -0.0879388117244036 -0.00980634441348463 -0.0143945273658689 -0.00153645555720224 -0.0523931310343555 0.0184696557013265
0.00536435844577408 -0.0535212116269801 0.0751291713043242 -0.0802598912362763 -0.0271385762517778 0.0347362701980461 0.0687724777834436
0.00571435844577407 -0.145393794514287 -0.063253499357405 -0.233788068663183 -0.212835814107957 -0.0717746234892016 0.0475736067918994
0.00606435844577407 0.0128774234433366 0.17481393817574 0.0642625320267189 0.0840210727891042 0.0412686659702215 0.0552721592516818
0.00641435844577411 -0.117796967250547 -0.0917115614628648 -0.0908171793683113 -0.0913282475066987 0.0433922837818807 0.116208914447239
0.0067643584457741 0.141031422464691 0.157864948316623 0.142630161836572 -0.0392434135250157 0.0236171682830001 0.085224030158175
0.00711435844577409 -0.136647375434975 -0.136801057537221 -0.0153169492716566 0.0650183616039303 0.0870641337607766 0.122793707108072
0.00746435844577409 -0.0821145087592124 0.0183659691066221 0.0327915101604556 -0.0827375059064406 -0.00470596693819983 0.108578533409015
0.00781435844577408 -0.153087553626805 0.0983202600841433 0.0204802312971962 -0.029310190336066 -0.116549658534124 0.0808833361473851
0.00816435844577408 0.0542233509993715 0.0977708971061826 -0.0568037987109572 -0.0411366987435604 0.00554399413852433 0.115103193420834
0.00851435844577407 -0.214180580638888 -0.0564919072031155 0.0787568627191897 -0.0127865896723048 0.0162516258906149 0.0789055716888736
0.00886435844577411 0.00572177541496008 0.0814991029497218 0.053789951130533 0.0619615314121531 0.0333633963880257 0.128563676857194
0.0092143584457741 -0.284010161019965 -0.245442347004268 -0.204427646787807 -0.0452230963533867 -0.00891131291971124 0.126758782912284
0.0095643584457741 0.104814591932601 0.0855886049011217 0.170388501217627 0.0167025215116568 0.142811074400967 0.0661513990612504
0.00991435844577409 0.00228368829310558 -0.0045086572778971 0.0367311834301551 0.0520272379319637 -0.135175807395405 0.154541294966367
0.0102643584457741 -0.00916898728050225 0.0295304029067241 0.127470361720298 0.0106970124901011 0.0434521422085487 0.119884842003447
0.0106143584457741 -0.18137659885536 0.0929209547350233 -0.0613860154280974 0.114195798075022 -0.00993182154116479 0.155125763638024
0.0109643584457741 -0.054683297430448 -0.143267467843162 -0.0629035635415669 -0.0582370160003749 -0.00437590242205818 0.11296694402062
0.0113143584457741 -0.0568246506447337 0.105099987688689 -0.0118296282117526 0.044638482571533 0.0201076070300653 0.0463788563031021
0.0116643584457741 -0.0956129268482772 -0.0457531159569238 -0.0657579910862675 -0.145330681950383 0.0697434486871978 0.177018081821305
0.0120143584457741 0.0344941134959761 0.277478664115251 0.0919029513260953 0.000935660279165298 0.0394342868994444 0.173437684558603
0.0123643584457741 0.0651485304821218 0.0485644783123835 -0.0420130863589176 0.0210619741693039 0.018922442301586 0.243103038537417
0.0127143584457741 0.0397731547540172 -0.0174106178406174 0.169672033338147 -0.00570474175282675 0.0315721105378156 0.173391143552349
0.0130643584457741 -0.117521162034159 -0.011652523897989 -0.0303226009202851 0.00725880127352978 0.0106269895976352 0.15208190296408
0.0134143584457741 -0.0249199571418721 0.163544240580956 -0.0765668556159987 0.0293913762736723 -0.0291041605546547 0.258198713378936
0.0137643584457741 -0.299752782174371 -0.0713336179731203 0.073993701476318 -0.00305468304840125 0.0573804113851042 0.198091259170201
0.0141143584457741 0.0773181497469727 0.0764452790564704 -0.357576904565556 -0.0298167596831577 -0.0383709659162085 0.204802568217082
0.0144643584457741 -0.0679255970375227 0.0268579217864708 0.0149580022933817 -0.108770748970182 0.0373425150660873 0.101423494246958
0.0148143584457741 -0.16383280530892 -0.0157977307099506 -0.0606004603984182 0.115775370487577 0.0226708544162009 0.179151213463492
0.0151643584457741 -0.125398103729049 -0.00946845201589402 -0.133771946564401 -0.0588865393735969 0.0559817149006714 0.21025831504215
0.0155143584457741 -0.113653284308027 0.0989232274775034 0.0757023095058231 0.00843056287779776 -0.0400051787614877 0.273820389492004
0.0158643584457741 -0.105821082423995 0.0998542799333665 -0.0350749268554766 0.0392416187919993 0.0167472049173494 0.211016868332351
0.0162143584457741 -0.135297502344274 -0.0291367177216293 -0.0245773869659915 -0.0085557560888805 0.0496116782416327 0.253914896886329
0.0165643584457741 -0.0463366578638278 0.124742170561874 -0.112531467992639 0.0666636031593469 0.0607487813645053 0.125722352370996
0.0169143584457741 -0.198989900655559 0.046046412447099 0.0615337923755881 -0.0428457432420566 -0.00383374585966701 0.288954012248691
0.0172643584457741 -0.15353597550075 -0.0261193743594966 -0.129681702740016 0.0954855478874058 0.00229557581465365 0.164772307478781
0.0176143584457741 -0.0901385829411241 0.0646418769063226 -0.0929573980192889 -0.0494780070240379 -0.0133429401184919 0.109269448879703
0.0179643584457741 -0.111240524270032 0.114861598476864 -0.0497120424067831 -0.0927842558627113 0.0459314155636667 0.200690103456634
0.0183143584457741 -0.10971293230062 0.000129932371565712 -0.185008128241854 0.0452655624314338 0.00646442665628355 0.201007493964239
0.0186643584457741 -0.0714959477979134 0.00848047518168948 0.115708310541392 -0.0573910250395478 0.00925809734911978 0.305795592616405
0.0190143584457741 -0.243535675736926 -0.235203409022865 -0.325774860312598 0.0748400068971871 -0.00626366079606487 0.292064947340788
0.0193643584457741 -0.150402443970768 0.00748315559438811 -0.012285994848861 -0.0994660742443566 0.00627295800926707 0.188624072451476
0.0197143584457741 -0.0756425187727527 -0.0181961441154608 -0.12393423551107 -0.0958812989208949 0.0492970234616819 0.180420521109357
0.0200643584457741 -0.00779678081795814 0.00571330804113722 -0.0325453291420957 0.0141985579319267 -0.00860184221036552 0.22303843093866
0.0204143584457741 -0.227796066769066 0.0741027851535765 -0.0176556762947303 -0.0441385880182426 0.0498248821174252 0.237777081722219
0.0207643584457741 -0.0617082053689077 -0.0590961259112388 -0.120297444641505 0.0371934172896674 0.0498293507096048 0.252137697836025
0.0211143584457741 -0.140093759156792 -0.00909922996645965 -0.0344210341789434 0.0333643836916553 -0.0623981264305952 0.227280446849785
0.0214643584457741 -0.135698207225162 -0.0441723527434228 -0.0899582079197007 -0.0216447005251678 -0.0200893670336305 0.281804166915561
0.0218143584457741 -0.120533840400194 0.102052713259139 0.0433611825971257 -0.0665215328438155 -0.0671193529902589 0.30783634742277
0.0221643584457741 -0.0650035082062959 -0.086368184015664 -0.254706615640986 -0.0583187098232131 0.0159040483387642 0.270907159984776
0.0225143584457741 -0.00226295859347999 0.0285432625509736 -0.0729498018719364 0.0114635660943565 -0.0323189774277016 0.245707778110622
0.0228643584457741 -0.0469249705318964 0.0383303136189571 -0.0950475213174491 0.00160010549842961 0.00455338296296393 0.215744905128363
0.0232143584457741 -0.0851606676147255 0.0278173238698928 0.0174758601858147 0.0569958574931865 0.0583648314581817 0.210226845269397
0.0235643584457741 -0.0841411864178759 -0.173773779859024 -0.140546112991324 -0.0593205799491727 -0.0632784973538361 0.230936165495443
0.0239143584457741 -0.140533959167882 0.234857601740149 -0.0235410730014362 0.015256569785911 0.0775509288506715 0.173767698424387
0.0242643584457741 -0.218570086366958 0.00450607730595797 -0.0428731126444352 -0.0251180773127674 0.000888210270008504 0.200731166571305
0.0246143584457741 0.08516492323324 -0.0128503115485452 -0.0453490223578635 0.0154606252792442 0.053490241273378 0.281941169990814
0.0249643584457741 -0.154635084595037 0.0564368453898117 -0.0658020321397319 -0.0180476145619592 0.0784426735634575 0.19770437420019
0.0253143584457741 -0.205976641507521 0.0416454172257801 -0.210154996887864 0.117479587607439 -0.052693961885962 0.21057922271696
0.0256643584457741 -0.0856580529855326 0.101646245151659 0.0833112666378725 -0.0133329679232394 0.0746576621762315 0.177504606558437
0.0260143584457741 0.0240564131103188 0.0311964458113344 0.00103084056690664 -0.0231196168443876 0.0649773554086533 0.315337528573697
0.0263643584457741 -0.0543875302319831 0.0150612904734788 -0.0505367747554944 -0.169920503874638 0.0402211734856434 0.429059806478697
0.0267143584457741 -0.0711825099228842 0.0320997315129194 -0.0914769140048079 0.0772368705559588 0.0153615948655714 0.244176326762862
0.0270643584457741 -0.260589201579652 0.0435197795411775 0.0758721310741575 0.156810749234148 -0.0690996015141708 0.343455001339311
0.0274143584457741 -0.118366667546733 -0.113900183457176 -0.222188937163223 -0.0333016088144019 -0.0408577313094121 0.285774754983057
0.0277643584457741 -0.0640144639891215 0.130699298330501 -0.113446247824152 0.0294202061876667 -0.0446878550936119 0.387686072282521
0.0281143584457741 -0.0238827179088345 -0.0765346087104063 -0.0638512678454937 0.019836530960523 -0.0361924276001764 0.291520176391973
0.0284643584457741 0.0252628135825939 -0.0108352362075888 -0.13756686582063 -0.0432838252531055 -0.0685824894197246 0.297990944068193
0.0288143584457741 -0.221108909870576 0.0983607173989818 -0.0164111972797101 -0.000537287558946202 0.023063170298933 0.377501163597623
0.0291643584457741 -0.231974716405994 -0.0368027921783079 -0.0405345628412537 0.0930747676954988 -0.022389000921439 0.29179182512055
0.0295143584457741 -0.22880392829707 -0.0800703386661989 -0.180944948247442 0.0210295016692306 -0.041560331336371 0.312653399467494
0.0298643584457741 -0.00556470090894869 0.0923802559399086 0.0092909688665706 -0.0135644711402619 -0.0105117730846712 0.415219495691098
0.0302143584457741 -0.164784366935824 -0.0294266072266415 -0.0390003259287127 0.0260576690972611 -0.0285999743217477 0.350568436955017
0.0305643584457741 -0.162960254542045 0.0753044411853098 -0.229716447273542 0.00246505107049682 0.0699252895367235 0.309116157797673
0.0309143584457741 -0.205119603999966 -0.0418164372695782 -0.155518160379731 0.012650935513554 0.0463171209965823 0.306581526068669
0.0312643584457741 -0.0207649828530637 -0.0859502046281237 -0.107417949583768 -0.0148180732064769 0.0744525074005377 0.28200813594304
0.0316143584457741 -0.103400453102488 0.0286506845475349 0.0132012068134645 -0.0423872801211177 0.00139679466910733 0.303779252854436
0.0319643584457741 -0.0553318060995344 -0.0363744766271002 -0.0273899118794517 -0.0525705796246257 0.11967596668352 0.340570589189082
0.0323143584457741 0.130229548359681 -0.047111286297111 -0.108983052824345 -0.0407178801039148 0.0562788202643641 0.314360829422838
0.0326643584457741 -0.139769588444252 0.0267073929039763 -0.0340845913622436 0.0722420323238585 -0.0104301374267059 0.303887465856834
0.0330143584457741 -0.0111899498893617 -0.133145961505868 0.00370052794988759 -0.139038975754754 0.0987309329655391 0.386346001479457
0.0333643584457741 -0.227762745843859 -0.0474998759019367 -0.134573412792704 0.115605271199405 -0.0546461749999525 0.378275693585354
0.0337143584457741 -0.0262217487870865 0.109303791137905 0.085118640621913 -0.151257353724668 0.0336521684758199 0.400307951480144
0.0340643584457741 -0.228017571924129 -0.0168298647318514 -0.123394062955794 -0.00999142856592408 -0.0691990360198182 0.301225648917564
0.0344143584457741 -0.184170853561277 0.00149934773300281 0.00672847694157955 -0.0361191273211143 -0.0120445850858859 0.373674004585767
0.0347643584457741 0.108793032281249 0.0126147844880715 -0.0655443452171689 -0.0370642324017845 0.088679450734445 0.318201101100668
0.0351143584457741 -0.127403635192957 -0.106382299741211 -0.126930282152066 0.0675294043651325 0.00462832929654643 0.281137982813529
0.0354643584457741 0.00839194407853991 0.00802857206296458 -0.320371460679264 -0.0472267248257123 -0.0560785157669511 0.298509688576019
0.0358143584457741 -0.172975406895572 -0.106055836673523 -0.11906459105797 0.115607090593756 0.00978440691068521 0.199586273325369
0.0361643584457741 -0.0629776194874231 0.0768505866820998 -0.0230095919288285 0.0425983582141871 -0.0608535939401426 0.433418942179255
0.0365143584457741 -0.0758499476866645 -0.171223749531011 -0.138503221466254 0.00545888835914342 0.0934991317221535 0.420372464162587
0.0368643584457741 -0.114817136923232 0.018947300441128 -0.196618710874252 0.0582510303881959 -0.0123559145545076 0.436544496120192
0.0372143584457741 -0.0802595949375768 0.183787730102086 0.0751935391756626 -0.0391900473826221 0.0637188349292751 0.409074279706177
0.0375643584457741 -0.120636640230437 -0.136838797655481 -0.128219960854938 0.0743860411288709 0.00747589912658376 0.397804621295856
0.0379143584457741 -0.0938104380058313 -0.126390749117149 -0.0683493620295497 -0.0991696612336828 -0.0614687756143606 0.481482815579948
0.0382643584457741 -0.0988214943636598 0.0345700464026621 -0.0115137996471444 0.00998053253809326 0.00207173240176625 0.42972827662168
0.0386143584457741 -0.147847561164164 -0.00117254228993693 -0.0672436432649793 0.00940162499200786 -0.00776491752195225 0.428535749466174
0.0389643584457741 -0.0502370984418969 0.0424695757166541 -0.0868795205286835 0.0291738506562386 0.0809132657550818 0.438663460089247
0.0393143584457741 0.0456064857782098 0.155213169955122 -0.0215397493417473 -0.0504108599490291 0.079825616050581 0.372973426181418
0.0396643584457741 -0.100018920788465 0.0115441724723811 -0.085159965711747 -0.0800730723615611 0.0117561018222082 0.387023156299827
0.0400143584457741 -0.250226091808601 -0.015441356211048 -0.0941334137670679 0.0119851035593338 0.0964985677389402 0.398320465230687
0.0403643584457741 -0.136437365640394 -0.000618535210448412 -0.0998241334858358 -0.0479547134601336 -0.0426521716573877 0.35864788616406
0.0407143584457741 -0.165866326761483 -0.194905980222678 -0.255996754611085 -0.0985997510135634 0.078158277474399 0.428300729603805
0.0410643584457741 -0.0360668733155965 0.123372593993329 -0.0471198017811327 0.0397180619034863 -0.0595114959207878 0.463729390236615
0.0414143584457741 -0.283818246462329 -0.158432685435801 -0.192249004571448 -0.0805139475672243 0.00223130921150993 0.401837871221278
0.0417643584457741 -0.0597960417476178 0.0561856132282232 -0.0980737641268697 0.0189604841735404 0.0255553764779067 0.406109718878141
0.0421143584457741 -0.270364911619218 -0.0263175857198495 -0.139250919678418 -0.0724100114644603 -0.0352840522600125 0.423406906846243
0.0424643584457741 0.0352712251351933 0.105232946621736 -0.0479709077307531 -0.0632420287449169 -0.0627853090522254 0.459910221407243
0.0428143584457741 -0.293242505697473 -0.0951400650507209 -0.146052646950488 0.0792011771048235 -0.00627619291796108 0.441386361755631
0.0431643584457741 0.0312640862195335 0.0864313953709172 0.0535659736816582 -0.0540829422252098 0.0539384343096799 0.441399100483396
0.0435143584457741 -0.196768819223708 -0.0170529073067145 -0.089837792627279 0.0480772152606428 -0.00650300084262383 0.429923868873005
0.0438643584457741 -0.100652708242362 -0.142613866381192 -0.126504767112074 -0.0794263117698349 0.0583893386994186 0.448932125254357
0.0442143584457741 -0.220536669091383 -0.0764384535494175 -0.0573315626200549 -0.0205106661129462 -0.0543650779433826 0.361259716577039
0.0445643584457741 0.0789614451650448 -0.0783927359458536 0.024528881508444 -0.0322185772551192 -0.0596116095498272 0.325167700382843
0.0449143584457741 -0.0393567476644225 0.0692521804068772 0.0592429578882594 0.0120448119930988 0.00527589069520543 0.408995353330401
0.0452643584457741 -0.134877709685234 0.0503996922032576 -0.0409441286157891 -0.00515760817372175 -0.0825385497656689 0.428670675949883
0.0456143584457741 -0.0615090533455981 0.0432582809132732 -0.124714662437102 -0.0231028642813266 0.00601184735280893 0.525217832044864
0.0459643584457741 -0.20287705760381 -0.113091586984638 -0.13365209840555 -0.00941081463027992 -0.00561128921538029 0.491711942180437
0.0463143584457741 -0.149748747111698 0.074657856086739 -0.011947333497324 0.015113262596788 0.00867145093133362 0.53576065056748
0.0466643584457741 -0.200301233115407 -0.11776530143572 0.00197652773418286 -0.0148396707004919 0.0613237760604762 0.488717220018072
0.0470143584457741 -0.197371981013897 0.121078371187924 -0.0632170072641884 0.0183658739158414 0.0388797842578262 0.48880854281391
0.0473643584457741 -0.228348545006318 -0.142933979668957 0.035195749932413 0.00990145939685979 -0.037516349549702 0.473800132986141
0.0477143584457741 -0.139811865388425 0.0105572690228796 -0.16729444316217 -0.0187587942079612 0.0842475434536182 0.502931053895032
0.0480643584457741 -0.129065791466859 -0.0954113193840227 0.0511433010514163 -0.0113234751354436 0.0469618688199553 0.455551299693776
0.0484143584457741 -0.187351544103563 -0.0501266928933612 -0.192537440517889 0.0365168421807367 0.0123209773456046 0.524575592052387
0.0487643584457741 -0.0874319477771761 0.100159137488737 -0.0768150280493877 0.078154902162728 -0.107351446758653 0.529319366736561
0.0491143584457741 -0.262214487647364 -0.12940879723507 -0.204282450801009 -0.0725416083982731 -0.0036598636270263 0.474801150013731
0.0494643584457741 0.0378560646719724 0.0308128500041796 -0.291913900275505 0.0632086440329004 -0.0515997539091372 0.528367977411669
0.0498143584457741 -0.0660310296867214 -0.0914832095275818 -0.0898573875614338 0.0217934992769521 0.117541536153536 0.488535066769642
0.0501643584457741 0.0333206932843187 0.0928765675671169 -0.0395151254631728 -0.00429604955698566 0.00265420664330744 0.454572790206545
0.0505143584457741 0.0666001237309518 0.0303944632251316 0.0659132668832351 0.0388275749733501 8.85031233888442e-06 0.55655863470132
0.0508643584457741 -0.0540627699612427 0.055480942513357 0.00223399789002967 -0.0636456170263231 -0.00947945983815207 0.447589548413813
0.0512143584457741 -0.265144927821396 -0.0422705493902214 -0.348220474367098 0.0257849654767244 -0.0921241393808424 0.441947487464984
0.0515643584457741 -0.126547679286369 0.0562309005840123 -0.0132342204400776 -0.0794424282214185 -0.0125285180364041 0.423020262222646
0.0519143584457741 -0.0803907549752022 0.0391556250477367 -0.103047145510444 0.0748813144022571 -0.00795480983388906 0.501801179249769
0.0522643584457741 -0.101475940425694 -0.196452496278013 -0.179779043770568 -0.0759834348166142 0.0776382747368952 0.497376832404186
0.0526143584457741 -0.18133926353076 0.203571299388091 -0.02020171993895 0.0151479786057503 0.013541654918028 0.474677479951013
0.0529643584457741 -0.224498009211741 -0.21925902768284 -0.26989385700566 -0.0432616343181468 0.0995475642490095 0.570240639685155
0.0533143584457741 -0.140694718340991 0.0096366972728972 -0.214599610269375 -0.147486889595259 0.0160545073190727 0.62715220322158
0.0536643584457741 -0.0810478305949061 -0.283533627796373 -0.0884464103011935 -0.0115821532700101 0.0536373856585404 0.665706777516793
0.0540143584457741 -0.169389139076066 0.160545447226524 0.0220653600486254 -0.0427862822738041 0.0560149549674098 0.571641193284931
0.0543643584457741 -0.131283706909085 -0.223434555667077 -0.15652864656441 0.0159675517000431 0.0601632432657141 0.460650132609704
0.0547143584457741 -0.14771840456874 0.18439975573133 -0.0508716539185428 0.00663344777874675 0.00527678572465092 0.580685152998863
0.0550643584457741 -0.139109256776282 -0.22700374334542 -0.291633078288771 -0.0353346453589344 -0.0538497296201933 0.481025055439328
0.0554143584457741 0.0649817136036381 0.235803722846955 0.0419567783848298 0.00582025754067233 -0.0631393469764753 0.597599442839136
0.0557643584457741 -0.148643694951211 -0.133877469325714 -0.204612881725619 -0.0710683430186696 -0.00654291516638828 0.600776630157526
0.0561143584457741 -0.0951213350825246 -0.0233229963142463 0.077600647011432 -0.0304506626171683 0.00841726916886019 0.612056082244832
0.0564643584457741 -0.0871530995232504 0.00564517108742639 -0.0821078931723122 -0.028524764702074 -0.0424924102970468 0.64457275557672
0.0568143584457741 -0.0313149720587828 -0.175035435257106 -0.00762569297301907 -0.0156992035449327 -0.0261149094671582 0.550893346132601
0.0571643584457741 -0.142700951544713 0.094858784449066 -0.266238987127171 -0.0890975273424641 0.0271156657620836 0.595904702079685
0.0575143584457741 0.0752682204349651 0.0580655151467636 -0.176316016627837 -0.0344557204008708 0.0139784512666896 0.58702148085974
0.0578643584457741 -0.186787393459746 -0.0756616901262517 -0.0773162251652599 -0.0210339340877284 0.0556531781942955 0.550019473391228
0.0582143584457741 -0.0759287219743873 -0.0677039529182038 -0.171812073401695 -0.026287915087005 -0.146160031808615 0.630941196742001
0.0585643584457741 -0.125376107671168 -0.1969164684479 -0.052126425277563 -0.0382652708921978 0.0600984393446365 0.514566841334952
0.0589143584457741 -0.131280512746406 0.00678840692053926 -0.198745786722508 -0.0576317486117539 -0.067591658034961 0.55438608709466
0.0592643584457741 -0.0759652567126251 -0.110745013921928 0.0460303119402086 -0.0702165706933601 0.137510500274464 0.55871055323457
0.0596143584457741 -0.0589306963125121 0.0614436545686262 -0.157692766979485 -0.0125603350720762 -0.0388157510509844 0.553099980235268
0.0599643584457741 -0.126070416781605 -0.0937582472748734 -0.18906941562368 -0.0072192281170421 0.104045655745476 0.640030931977381
0.0603143584457741 -0.0318392250075 -0.0354174469393372 -0.169039115617801 -0.00223949299465362 -0.0494469813390573 0.562295064915184
0.0606643584457741 -0.157222904926197 0.0640322644618088 -0.117100750933405 -0.0199384582766711 -0.0151270321503092 0.682777453139445
0.0610143584457741 -0.164664283976216 -0.0640189568948407 -0.135305859684266 -0.0117467917609619 0.0439296007655705 0.505495617090514
0.0613643584457741 -0.108992974817061 -0.0690419654783493 -0.203403096465088 -0.0478645878226312 0.047983799328468 0.630556074988185
0.0617143584457741 -0.0243694830647297 0.0250047362444972 0.0066415785874882 -0.0531703626505654 0.00781050416900603 0.698623734500543
0.0620643584457741 -0.168127249842924 -0.178035306062994 -0.178522350216725 -0.0699331794683324 0.0159138903351066 0.617930719087763
0.0624143584457741 -0.232572586698214 -0.138110826542739 -0.102068220058025 -0.0833648802717073 -0.0377317640603731 0.728008059599235
0.0627643584457741 0.00441903638082497 -0.0104684334177967 0.00920130434100829 -0.0354338062625534 0.11712962327037 0.564893404308066
0.0631143584457741 -0.29636598496849 -0.0414225433573614 -0.179643190747365 -0.0679993751588697 -0.116538654545535 0.586734175123493
0.0634643584457741 -0.119138058856651 0.105779707490415 -0.061270828704851 0.0164945295840706 0.0315003410212319 0.648488049403603
0.0638143584457741 -0.366912388657365 -0.290647342728101 -0.387580240174508 -0.0321214636385246 -0.0384771319882412 0.623228926635158
0.0641643584457741 -0.0506033646411864 -0.00222322343649165 -0.0508745719676844 -0.0227126218168317 -0.0150043571263983 0.613928533835945
0.0645143584457741 -0.234376289896441 -0.0352360375647339 -0.178554968078099 -0.00145591518219694 -0.0880655637058055 0.602716205040259
0.0648643584457741 0.0175960568213929 -0.0408231591290328 -0.104564815321646 -0.00519141134403532 0.0151069302760576 0.618509367163203
0.0652143584457741 -0.131529343768413 -0.153996155787173 -0.2651423495373 0.0633138093812937 -0.0114012256332668 0.673138873722353
0.0655643584457741 -0.132711185745903 -0.128771319507857 -0.126111876835443 -0.0185744587099962 0.0603280839446374 0.642012815537387
0.0659143584457741 -0.0982662782139064 -0.0790205864562463 -0.046148439259615 0.0791513570117175 0.0820249132947731 0.616348127997051
0.0662643584457741 -0.342910159195406 -0.0726626520165041 -0.224045543482529 -0.087830502869699 0.0695980139798144 0.597323542951517
0.0666143584457741 -0.0886195931864695 -0.169019017027099 -0.0436830749852845 0.00351430923457709 0.0158099709853779 0.601838322665756
0.0669643584457741 -0.0868377043293987 0.133776295442266 -0.102770505240322 -0.0588873015932345 0.00341605579932079 0.649562144172397
0.0673143584457741 -0.0367417804013715 0.0157830214548894 -0.156338598660575 -0.0493250520494527 -0.0233075247368329 0.659722806072908
0.0676643584457741 -0.150654483268703 -0.056518493368034 -0.291162317847023 -2.97612015528159e-05 0.030056282042239 0.622616735036217
0.0680143584457741 -0.24682173780249 0.0328622546099288 -0.127275034958996 -0.0312907933060082 -0.0696646929474816 0.61888290505896
0.0683643584457741 -0.0155153644797886 -0.019554199159744 -0.00017214360154019 -0.0217188361204636 -0.02659029231891 0.62532293431411
0.0687143584457741 -0.141944527913604 -0.0956382207167642 -0.0328249218965608 0.0531914302459357 -0.0603621442672143 0.591741905013172
0.0690643584457741 -0.210022709668974 -0.207363015973717 -0.22022669772294 -0.092809808249168 0.0923861798514574 0.608741170155972
0.0694143584457741 -0.0282644384186295 0.0646238214622746 -0.171544682872542 0.0567389698894671 -0.109732642909467 0.60486620400096
0.0697643584457741 -0.155551107740306 -0.0549261254316212 -0.00351207893953174 -0.0901609096190383 -0.00909225299087344 0.54935045211958
0.0701143584457741 -0.139149753605141 -0.175271218616292 -0.3261589884284 0.0996806677926456 -0.0390976704517893 0.540409460801749
0.0704643584457741 -0.330465088470261 -0.148939601577086 -0.214224051592174 -0.0838056603539479 0.00888830107513413 0.64872416946977
0.0708143584457741 -0.0934947413589921 -0.0958770637036192 -0.198782168203808 -0.0753954169432944 0.0527321776326214 0.569088379321025
0.0711643584457741 -0.0951293525944627 -0.142106162553255 -0.197416623456951 0.0185260081277328 0.031762452387688 0.80379631041808
0.0715143584457741 -0.232366651990894 -0.0793895828309029 -0.287349968093775 -0.0651682855234127 0.0898392823335391 0.584106022832502
0.0718643584457741 -0.195383822208759 -0.129511035996749 -0.182546925531793 0.0195756273645775 -0.0813222656750608 0.658043755096353
0.0722143584457741 -0.0498912327911722 -0.0824356837609686 -0.1107023084682 -0.0795128620767544 0.0416269373741483 0.67693739025104
0.0725643584457741 -0.0694302135824285 -0.038646843023394 -0.148589262950198 0.0165358501536372 0.00850597492605763 0.556800189892863
0.0729143584457741 -0.336784210488006 -0.0339738630892968 -0.152907654649322 0.00595709357421978 0.167709347940774 0.746077324484832
0.0732643584457741 -0.170116864177379 -0.126730737365293 -0.215227328020578 -0.0383990995093192 0.0711447688781614 0.719979122660636
0.0736143584457741 -0.101929185509555 0.00839447935945207 -0.168827769189626 -0.0709398096002029 -0.0677021326385436 0.715794647485962
0.0739643584457741 -0.128383825013639 -0.0413023438315215 -0.017900552326188 -0.0267604710296263 0.159090112560199 0.688018624579077
0.0743143584457741 0.043848669621082 0.042677584602116 -0.150801106002611 -0.0928509052580437 -0.110129841405741 0.712632756124019
0.0746643584457741 -0.347958517881864 -0.0371070843970923 -0.251806233167362 0.129611015633275 -0.0224880061284539 0.698101965554396
0.0750143584457741 -0.165049614208717 0.13523422760992 -0.215171253910079 -0.0964654054862078 -0.0709215145393288 0.609753063861233
0.0753643584457741 -0.171033316791726 -0.0367579423021914 -0.349643142377358 0.0408328412992104 0.0522070135704747 0.668682524967466
0.0757143584457741 -0.0813893853920802 -0.212965028498083 -0.18964921620337 -0.0785260533613088 0.0172679521363283 0.691961746678093
0.0760643584457741 0.0318501950785448 0.0461270122308077 -0.04906533406827 -0.057469654271227 -0.000780897844031042 0.784948179204728
0.0764143584457741 -0.196812942117339 -0.196929597484424 -0.231395335335243 -0.0470654505093784 0.0231753100603782 0.711575896604615
0.0767643584457741 -0.0514419951050911 -0.0309143897765742 -0.133349046691029 -0.0463461292608043 -0.0347768892928612 0.599305822100781
0.0771143584457741 -0.142004502385232 -0.11816487729148 -0.188640477797843 0.00568298725159966 -0.081090260136352 0.691720764786037
0.0774643584457741 -0.168037114723383 -0.173194490595444 -0.157952818316029 -0.040008925867557 0.0248542975241001 0.712340478795325
0.0778143584457741 -0.102729759698165 -0.0380723074457589 -0.0926562376180159 0.00522356818568801 0.0207592103072738 0.601741399397249
0.0781643584457741 -0.141448941172926 0.0519407976727378 -0.183291824797458 0.0213916367602083 -0.0210609929598572 0.744287269372058
0.0785143584457741 -0.105427199294039 0.110318059736881 -0.24717705313595 -0.0502617595205141 0.00356838841572716 0.769283457529993
0.0788643584457741 -0.0881887042708806 -0.277626623676537 -0.187764068893051 0.00257775544851817 0.00117234056839821 0.797822400540712
0.0792143584457741 -0.064667764195899 0.0473435315167417 -0.277828627177508 -0.0280091189246094 -0.0290650170517036 0.684083044004077
0.0795643584457741 -0.203613952040301 -0.280980766255077 -0.12987570511191 -0.0920197659629592 0.0324207979606975 0.642925654472794
0.0799143584457741 0.0136952846353597 -0.0317003767350127 -0.267588768205993 -0.0155611346013642 -0.0574049079531277 0.616243037741664
0.0802643584457741 -0.0390490361996303 -0.0168728302672149 -0.075793114711233 -0.00350577411396905 -0.0154404238105695 0.716187397643753
0.0806143584457741 -0.0311860985067891 -0.204630680741176 -0.189935971143046 0.0525755237204777 -0.0234830536155082 0.624593016937386
0.0809643584457741 0.0244575068381829 0.215624850724921 0.0474438808413748 -0.0770945172783062 0.067537876184572 0.688490995117839
0.0813143584457741 -0.257993309687655 -0.0852124449677078 -0.353036090268215 0.00554507948815309 0.0135959637689828 0.733433956027107
0.0816643584457741 -0.0635901289784375 0.0986545230899902 -0.0376716243603407 -0.0346296569785621 -0.0522596074968782 0.714792231914632
0.0820143584457741 -0.184495589507086 -0.0993840516872205 -0.148535358758353 0.0402570180548011 0.0270257753923731 0.612503310761938
0.0823643584457741 0.0234087458762549 -0.10161725651478 -0.253301381670446 -0.0662828959771266 0.0457888392173596 0.780787429598354
0.0827143584457741 -0.290953255439385 -0.0353170136806065 -0.056754934375405 -0.0631851396435451 -0.00536829749073612 0.721236813711205
0.0830643584457741 0.154605473550503 -0.161754145283259 -0.159853509627364 -0.0673043856228331 0.0306099611254049 0.755112224566149
0.0834143584457741 -0.0740382647239062 -0.103872498171916 -0.195707234370605 -0.0412258786711398 -0.074672297482108 0.713052602138121
0.0837643584457741 -0.0698781462361285 0.00461301188208897 -0.0541750760228905 -0.054458439658796 -0.0187664892808289 0.781495002050754
0.0841143584457741 -0.182716843522772 -0.153438189831809 -0.178931987150513 -0.0821604982522632 -0.0127057943305375 0.735384290484673
0.0844643584457741 -0.260250088831378 -0.0132592052462313 -0.203413901752876 -0.0701059078194925 0.0375384445793733 0.648753750642107
0.0848143584457741 -0.0693848235360228 -0.258966793147181 -0.139412123790949 -0.0477750006607331 0.0121791629841585 0.694747594805666
0.0851643584457741 -0.196035037715328 -0.0177898749911825 -0.107844583301964 -0.00504935433080976 -0.0172990176781999 0.689421949229462
0.0855143584457741 -0.163407419598957 -0.190569362739217 -0.123343393910895 -0.00372416497737807 0.0306777889869848 0.719739592504149
0.0858643584457741 -0.0349708406435929 -0.320344774538555 -0.277846549116111 0.0115225493256885 0.144784365422977 0.79952445086815
0.0862143584457741 -0.225186284927158 0.0389462955685949 -0.0850838943536993 0.00803049978668335 0.0282702824433871 0.798114497023939
0.0865643584457741 -0.0300657656044764 -0.103809170366346 -0.256993633506482 -0.0516076817429552 0.0518438673175764 0.774720883711121
0.0869143584457741 -0.197084913012539 -0.0244762676267058 -0.249892786360764 -0.0316271101880351 0.00426072018404727 0.701228156857343
0.0872643584457741 -0.117291364015459 -0.189590109879792 -0.315267392006281 -0.0278004836695751 -0.0196110699958314 0.709656186087937
0.0876143584457741 -0.300715754921073 -0.170707203755909 -0.211472284295563 -0.00263584161922003 -0.0752522365673813 0.751995990761857
0.0879643584457741 -0.178860913221899 -0.0280496569296491 -0.253609819529762 -0.0833759586209581 -0.00912564951369813 0.688102856809408
0.0883143584457741 -0.208752690592952 -0.107418996871724 -0.10611575570892 0.000708830924340616 0.116481833234108 0.739865467826682
0.0886643584457741 -0.245795223023149 -0.117248716547776 -0.300746843666583 0.00737894242661018 -0.0168576391052463 0.75819296315954
0.0890143584457741 -0.13211412590119 -0.000209719275556961 -0.1021908647044 -0.0525939024427195 0.00367869704926326 0.81470423976634
0.0893643584457741 -0.208458426504063 -0.0157898505428568 -0.205261961353396 0.0561601855438626 0.000515436117644547 0.682154567078749
0.0897143584457741 -0.132281762738691 -0.113777603543882 -0.231418015442082 0.0149374349225534 0.0039762984172074 0.750418834214745
0.0900643584457741 -0.219093030525808 -0.121808536656427 -0.108976766009568 -0.0519525698563807 0.103244657607714 0.758775409335183
0.0904143584457741 -0.148116317797288 0.00775593051386048 -0.311247253857598 -0.0174095179729702 0.00142204854401259 0.819356996968739
0.0907643584457741 -0.110160187997887 -0.20110516712184 -0.0688778678415006 0.134766046374136 0.0427934971755282 0.895556591704102
0.0911143584457741 -0.0742116091181209 -0.063665996018859 -0.258694442691689 -0.00287323247032649 0.095322789287341 0.648127573763925
0.0914643584457741 -0.148169470057894 -0.0515774081987048 -0.16778887364291 -0.0540882232551666 0.107548143406579 0.698466003159575
0.0918143584457741 -0.139938213014604 -0.0658758953316749 -0.242378855589321 -0.0317175685797748 -0.00352795452425853 0.715280567842758
0.0921643584457741 -0.174307773316561 0.0416067233980498 -0.128556877907742 -0.0341498489803526 0.0375310923800563 0.767462430276252
0.0925143584457741 -0.24739942327971 -0.0275727250328874 -0.359726149656037 0.0386059370091332 0.0960886612724287 0.749343734622294
0.0928643584457741 -0.152388837466951 -0.106556122408451 -0.189012774708514 0.0449897713327437 -0.0263524054787172 0.68127057990123
0.0932143584457741 -0.277277012038169 -0.137223567350187 -0.286694553038591 -0.153880939040518 0.151230266793931 0.749230220928777
0.0935643584457741 -0.140843382369821 -0.0799503351537777 -0.224526298621579 0.0161036893570017 -0.0188389683740325 0.68282680370282
0.0939143584457741 -0.126919392882243 -0.127091403206778 -0.13385477641161 -0.0809902062632893 0.0378928096202371 0.737373711186375
0.0942643584457741 -0.0321128048111175 0.00937850087788841 -0.156410784285763 -0.0696614712777247 -0.00223603736498887 0.773005300077591
0.0946143584457741 -0.292117157076634 -0.0984311178175648 -0.256741646691021 -0.0496174074816676 0.0689984017747981 0.766253914184065
0.0949643584457741 -0.258668587917384 0.00765603208074442 -0.167290504429117 0.0295197468317984 -0.115162259560019 0.790024555884793
0.0953143584457741 -0.131597107131179 -0.13561420086505 -0.296053524814953 -0.0799314611031785 -0.0265813095896826 0.721503177169241
0.0956643584457741 -0.127092158037325 -0.0755457956321245 -0.240626953865444 -0.0372525292801418 0.0920194330121577 0.738088153678132
0.0960143584457741 -0.14290233087117 -0.037202686562168 -0.155214052157853 0.0279612520202923 -0.0263648620937933 0.659902693967108
0.0963643584457741 -0.163986148950944 -0.149676049824148 -0.188861016149163 0.0463308700997959 -0.0236190188974443 0.591402746519946
0.0967143584457741 -0.0297671904218981 -0.0786833154939459 -0.112821559673541 -0.0514368093282814 0.126228860117286 0.68663040387917
0.0970643584457741 -0.204230953633659 -0.137108494929695 -0.380388588695612 -0.0401164383729123 -0.0168055338464697 0.851742206628654
0.0974143584457741 -0.0722515740673868 -0.0234530895191268 -0.236909687856977 -0.0513948916467747 0.0571070133672029 0.815341737819694
0.0977643584457741 -0.285421816790861 -0.176296499140451 -0.350533871325416 0.0813073539509118 -0.0118413941780348 0.807309515865883
0.0981143584457741 -0.0496933208762956 -0.0523333592593554 -0.157185215426055 0.0281092011185311 0.0029647549385361 0.841196558248394
0.0984643584457741 -0.169057783204584 -0.10620420778131 -0.13795122071334 0.0377075749186568 0.0710867491395502 0.755812908945883
0.0988143584457741 -0.158988221571581 -0.167168553572918 -0.315663854172514 -0.119385959776619 0.101081656957709 0.859040737400383
0.0991643584457741 -0.143288747546217 0.0481127178976114 -0.156885199699578 0.0611643985326941 0.0237538420844299 0.716582295428256
0.0995143584457741 -0.179699822336866 -0.226159546895103 -0.318927953111259 -0.0241075174073214 0.0170488300111579 0.691796483907766
0.0998643584457741 -0.262834015631592 -0.126358422447416 -0.408933381276371 -0.0301480700982105 0.0321801302785508 0.742698679335619
0.100214358445774 -0.37737712140809 -0.290344312858082 -0.371308600910917 0.0531662223171125 0.0629327074335363 0.63328471259968
0.100564358445774 -0.0853634268436754 -0.0466980826619547 -0.233521566564795 0.0326787312363154 0.0782816462569658 0.722136460490723
0.100914358445774 -0.209824826664664 -0.0947165941660901 -0.384826268782109 -0.0164157477284638 0.0680497968232106 0.700029516475649
0.101264358445774 -0.201864253390088 -0.111483277541562 -0.46086085620124 -0.0071272628155927 0.125893020066745 0.643156671352403
0.101614358445774 -0.172373103903381 0.00677610166835755 -0.379702009428143 -0.00807457531748459 0.0342321657180718 0.730234788157436
0.101964358445774 -0.188315401182631 -0.0959405576842696 -0.213397431757774 -0.0419910023277709 0.0701857318643705 0.745743167926516
0.102314358445774 -0.280536113965686 -0.122604123012264 -0.302416385274583 0.0180354538450514 0.0272034933242765 0.812476609486227
0.102664358445774 -0.285428826298556 -0.127194620870252 -0.324531524585574 -0.0360263725635227 0.136494430160873 0.77377154738936
0.103014358445774 -0.255563456728527 -0.120854739968641 -0.250802837212526 -0.0342990949480189 0.0711011318507513 0.743559528835239
0.103364358445774 -0.283337882481037 -0.238297229882651 -0.135449421430907 -0.0461258028067159 0.0629344942312098 0.780110563952091
0.103714358445774 -0.300083811172426 -0.0560879491049177 -0.367240802795393 -0.0407707262133757 0.0223730426023762 0.780614727678455
0.104064358445774 -0.136620833133687 -0.0791727487823623 -0.215847536013778 0.101244027579319 0.121811932372872 0.776179422690001
0.104414358445774 -0.226904362563178 -0.166704981116671 -0.287018857468216 -0.0174854639266797 0.0623483699452596 0.673020997141741
0.104764358445774 -0.1292161455217 -0.0744555037343823 -0.331443143569866 0.102818342564977 0.205253842384671 0.741427856947211
0.105114358445774 -0.301838104287978 -0.10415759169144 -0.281709985006887 0.0471228626107449 -0.0298510965357444 0.762079505226236
0.105464358445774 -0.277142862974276 -0.0401853375448548 -0.425655916582374 -0.0114966110728854 0.063392928559181 0.749028530884021
0.105814358445774 -0.115088526785312 -0.255192601407008 -0.124733171177475 0.0667843633748463 0.0326444782730902 0.769806241283627
0.106164358445774 -0.252776491164726 0.0121456982834313 -0.260393906732543 -0.0818709474842868 0.0659420100551456 0.866934950387627
0.106514358445774 -0.257391359792974 -0.14030857024737 -0.290994175185671 -0.12950074430913 -0.000891808613433193 0.800993488574303
0.106864358445774 -0.174662835378142 -0.145122732825742 -0.239327522982196 0.00238828383084391 0.0254187015018401 0.778150198606726
0.107214358445774 -0.245628169804625 -0.0915491588734884 -0.167623651000849 -0.0511171497744623 0.0635363090642846 0.778483059592533
0.107564358445774 0.00938001287364231 0.0623490680930654 -0.154543706462685 0.0504294187882337 0.0389165149251053 0.82283958416276
0.107914358445774 -0.398478683364004 -0.200418377841884 -0.3583417820802 -0.0247953653853254 -0.0638308723704262 0.766721472201503
0.108264358445774 -0.0503589641864346 -0.169607781844652 -0.239350678724902 0.00757529801753873 0.0504983925510471 0.7771353848111
0.108614358445774 -0.265593207927132 -0.0135882251664904 -0.254268465207698 -0.0655150125706313 0.0292524331656681 0.837632458407829
0.108964358445774 -0.306179176077184 -0.0941701479530063 -0.243689904419826 0.0663691493042061 0.0955995715922526 0.787855438602414
0.109314358445774 -0.105981894497673 -0.123936654938365 -0.261026134845227 -0.0942597209324502 -0.0237248148379088 0.744063353233044
0.109664358445774 -0.333145990908837 -0.134641567141695 -0.284671761788748 0.0360519473797194 0.149046371790718 0.742943225808194
0.110014358445774 -0.00237209990074411 -0.219544793712019 -0.31362718074909 -0.0940235003760473 0.0731465946125725 0.691806438336571
0.110364358445774 -0.230401577294809 -0.0105627262029444 -0.286129342799192 0.0356344712455836 0.0255962955571714 0.891545578494601
0.110714358445774 -0.238584528713889 -0.097874091834347 -0.286403862498793 0.0541897132369653 0.0925537397216474 0.783364093241114
0.111064358445774 -0.307911702581725 0.054494155677364 -0.13345156006345 -0.130505076650317 -0.0715527451740589 0.864634792368199
0.111414358445774 -0.287718940045279 -0.140353277321911 -0.353185213611723 0.0156425514177533 0.058278646143074 0.707193749704378
0.111764358445774 -0.054683130089357 -0.0167708721412554 -0.326847037007332 -0.17444320652114 0.108009813991008 0.784479509628344
0.112114358445774 -0.370947592348892 -0.372139095603203 -0.298372130861604 -0.000506884783396089 0.0554202416459367 0.794426102398495
0.112464358445774 -0.230888463828247 -0.0544896408033524 -0.364762532731577 -0.108162094349551 0.0985637643029803 0.737120606756468
0.112814358445774 -0.200998043986185 -0.12354745425561 -0.242242857065012 0.158546097419652 0.0274794960860333 0.9021599764377
0.113164358445774 -0.233048621328242 -0.151715836278948 -0.231000563721429 -0.0295301454261907 0.0410200458880268 0.688217922605828
0.113514358445774 -0.290393218376986 -0.0489867955183639 -0.134174927149539 -0.033343887709225 0.07512830842556 0.807737935154386
0.113864358445774 -0.197306627182801 -0.0566717098296511 -0.29545193526632 -0.0487589211293673 0.0637733440422309 0.817267839989819
0.114214358445774 -0.129936354023455 -0.151635690834785 -0.245951495294892 -0.0700061823632441 0.086535433959363 0.709240501408349
0.114564358445774 -0.249165786766814 0.00272032195543128 -0.216547452353686 -0.0849435197040452 0.0692376382407949 0.840744275113638
0.114914358445774 -0.226444371201571 -0.116303335218963 -0.40801346040766 -0.0882640708652445 0.0898403138870199 0.804336778513548
0.115264358445774 -0.127472551121557 -0.153492282404978 -0.320809416132699 -0.0805652731232998 0.0236269256943912 0.761000053188795
0.115614358445774 -0.294026181479889 -0.0830922138763719 -0.264720322568298 0.0549093326053558 0.00773708881301392 0.720154209501627
0.115964358445774 -0.208349739480994 -0.117677127021131 -0.300692245626534 -0.0264265704200596 0.122667092160669 0.740127389031299
0.116314358445774 -0.315517702299109 -0.111727557690164 -0.289458045231119 -0.00173476326743443 0.103417314552626 0.752211437098884
0.116664358445774 -0.0668738865748876 0.0956935033258754 -0.114303775205738 -0.0542794843652042 -0.00289009727397491 0.791478219181162
0.117014358445774 -0.183444887504361 -0.139608311585231 -0.522911748410291 -0.075893011432771 0.0895688174835904 0.836926501026946
0.117364358445774 -0.281159954299815 -0.0650805341911508 -0.24921673027905 0.0575668791240857 -0.0163127895627658 0.79544860002605
0.117714358445774 -0.0934164478768456 -0.170214615877515 -0.29197026281175 -0.0932853654941022 0.0757154764817023 0.823876499998014
0.118064358445774 -0.346266138419407 -0.166002685688756 -0.450420688365919 0.0227942803395999 0.0318167607127022 0.78344157364238
0.118414358445774 -0.210253702883061 -0.13638931261277 -0.208287307463519 -0.104945638682877 0.0499676385065948 0.737860556344342
0.118764358445774 -0.343895374532956 -0.0864473109781593 -0.315960377535249 -0.019483858189267 0.0521494297673388 0.824403922129377
0.119114358445774 -0.190303888712046 -0.281865856626393 -0.262936192990862 -0.00601523313392941 0.0687279137254191 0.688778951620789
0.119464358445774 -0.345542002094068 0.0336136463670638 -0.23861891826536 -0.103991110487866 0.117602730771846 0.872995886031036
0.119814358445774 -0.0631211369750337 -0.210750509958972 -0.167223812897523 -0.00423457763267677 0.0923280658054533 0.669217257341816
0.120164358445774 -0.171388070315696 -0.294185324619454 -0.378468761330911 -0.156703314293257 0.14867258604487 0.864518044220114
0.120514358445774 -0.194808384622106 -0.116312134427148 -0.230783727888649 0.024620546916257 -0.0291215504592672 0.839547982495611
0.120864358445774 -0.270800726313323 -0.188656211837944 -0.268135758084455 0.0013158361663158 0.11390761391884 0.815137740770745
0.121214358445774 -0.244572571110733 -0.126155569445192 -0.307286006487177 -0.0533090843063467 -0.0126462516696668 0.827265848745348
0.121564358445774 -0.219152089484228 -0.294399986555896 -0.273624774247356 0.020009945838268 0.0087694061302364 0.919848805284543
0.121914358445774 -0.0562293271221858 0.0026457920019235 -0.11050026052239 -0.0575458311645759 0.00660231758153761 0.76565645541548
0.122264358445774 -0.320859436807634 -0.0737944504555174 -0.404894245434362 0.0582887793069036 0.0412308975830065 0.714894229077736
0.122614358445774 -0.235672416517267 -0.103814410285612 -0.29656404015962 -0.0831666685585516 0.039517939150172 0.718350288611237
0.122964358445774 -0.359022947393654 -0.0464177427580925 -0.295536147084487 0.0274371007908705 0.0475169920953319 0.701868143172062
0.123314358445774 -0.236677729412484 -0.139151660949949 -0.335991948505296 -0.0537134306563244 0.11489159608508 0.786418941013034
0.123664358445774 -0.180201437475066 -0.249267027491922 -0.176505809344052 -0.0237144344155679 -0.0379460838161161 0.722314443307601
0.124014358445774 -0.16372299577969 -0.188150546802459 -0.415057394341042 -0.00225389939503154 0.238892711295024 0.851711631740904
0.124364358445774 -0.0833619167017886 -0.247535037105162 -0.308368263863921 -0.000194138219624587 0.0586685687013417 0.879957096127361
0.124714358445774 -0.223650460406078 -0.0721347398952099 -0.24060958368457 -0.0273032449326518 0.140698065765198 0.876760282072991
0.125064358445774 -0.348940707691902 -0.180554238307776 -0.382361572652462 -0.00589284268552628 0.0831523887660991 0.794282100166738
0.125414358445774 -0.181124713721039 -0.053591578501011 -0.345533879126241 -0.0469735975699138 0.079949800511291 0.867941491588839
0.125764358445774 -0.0253696954389989 -0.129937592142263 -0.351250721267365 -0.076875520449526 0.0964471268946509 0.816124743574831
0.126114358445774 -0.262128639064543 -0.142157876939941 -0.370349355206595 0.0404475479712771 0.150130974262555 0.776862917213119
0.126464358445774 -0.244107794470039 -0.069538017943221 -0.35029358694169 -0.0742295102232906 0.0585777276117476 0.807083839980819
0.126814358445774 -0.00290941055114227 -0.116446214657464 -0.176256529810261 -0.0136100200264334 0.042692588273266 0.809024187081803
0.127164358445774 -0.307382751554997 -0.0306672268894128 -0.47430015543944 0.0117080140843345 0.0282065934402973 0.824084988164426
0.127514358445774 -0.200970903572462 -0.0946224222891428 -0.356292551283016 -0.022900645792921 0.123684868452169 0.860602652541922
0.127864358445774 -0.240296166845507 -0.0720265335249349 -0.337102328092245 -0.0625309508051069 0.0440011769409738 0.85176904402746
0.128214358445774 -0.235070446365642 -0.173290105062226 -0.315376144008438 -0.0456164291708381 -0.0114926856746286 0.695854584226783
0.128564358445774 -0.221739536566442 -0.149135615212026 -0.33464143223225 -0.0597770931851942 0.108204198884965 0.893425637081468
0.128914358445774 -0.154887012577685 -0.166252757145541 -0.348272202118174 0.0114505165962418 -0.0163252244624175 0.714481988733388
0.129264358445774 -0.244678730742525 -0.233237632624666 -0.363240972892278 0.124192996470368 0.0945393375392957 0.879360978882219
0.129614358445774 -0.197336899273237 -0.111854870267345 -0.234588156438666 -0.038335103011554 0.0679708201017387 0.797195022770347
0.129964358445774 -0.0223465012922158 -0.0737123940565107 -0.281169949681365 -0.01654182461767 -0.0305993516159343 0.906255478223258
0.130314358445774 -0.250741981527647 -0.101062612846263 -0.356397525165282 -0.0294113507280534 -0.0626678247230667 0.898948610337496
0.130664358445774 -0.0997810706112446 -0.127632070938773 -0.324613256934502 0.0169017590947002 0.0222472169508064 0.861024300417129
0.131014358445774 -0.222415345061344 -0.10476916284637 -0.506457222730949 -0.0350444632578379 0.0648100577762735 0.873907054034044
0.131364358445774 -0.0585668468493093 0.102340502996696 -0.160233983643824 -0.0670106332771232 0.0617075297013412 0.818765040835055
0.131714358445774 -0.381706855977056 -0.341612805287753 -0.345454920695562 0.0104129780751606 0.0899921878624874 0.883148800421375
0.132064358445774 -0.0948546682105767 -0.0637935221717698 -0.317592667068515 -0.0175669400835623 0.104677354362983 0.785582469135163
0.132414358445774 -0.11906243090327 -0.109242461646088 -0.291416927505554 -0.0155230132199607 0.0373553265233971 0.743633583741082
0.132764358445774 -0.392487399287603 -0.156366033764337 -0.518366850266534 -0.0375408972467821 0.0352030722027926 0.757878976098168
0.133114358445774 -0.0858717311570821 -0.0666790821360844 -0.348555630715604 -0.0156050141139188 0.0442963303535268 0.844051453416691
0.133464358445774 -0.356462689979127 -0.080040685868046 -0.304739857240575 -0.033950723918384 -0.0296819298986302 0.912954509238796
0.133814358445774 -0.331272442280642 -0.251302072015172 -0.390885301117961 0.0409636417917209 0.0864124793165451 0.69726034100519
0.134164358445774 -0.218603773765101 0.0563950962800297 -0.335766284918443 -0.0488364596674668 0.0573521653140846 0.92459647519495
0.134514358445774 -0.30862332703324 -0.241181217495839 -0.45497558405299 0.0432957585525015 0.0282834031926855 0.72304794206484
0.134864358445774 -0.192911036146179 -0.00848503709653004 -0.341162162955623 -0.0440508763819101 0.0134940427323763 0.922054767539944
0.135214358445774 -0.231398317746655 -0.111145830933772 -0.250083387236119 -0.00374566187938279 0.149481855923388 0.756066206587461
0.135564358445774 -0.205104287694355 -0.238070630395974 -0.45806392777062 0.0559201413275053 0.081244721064436 0.862105200037943
0.135914358445774 -0.247697518134637 -0.087942144176409 -0.222861358198947 -0.0536418441291486 0.0229602477319517 0.798120945033639
0.136264358445774 -0.16168347533423 -0.297741638271732 -0.421878992790815 0.0300914185029833 0.162317366087969 0.861958558249531
0.136614358445774 -0.237526418182607 0.0234760244937825 -0.230692921346362 -0.00955737205212059 0.0469871467054353 0.895517147968708
0.136964358445774 -0.144698462119033 -0.127553992335424 -0.489916217171843 0.0251399610793544 0.196847967750917 0.804565949552601
0.137314358445774 -0.235154675093481 -0.157096864380845 -0.301787378107877 0.0705621059613624 0.0044453319469279 0.891611895369538
0.137664358445774 -0.313797458190793 -0.0975338892153235 -0.327298472549866 -0.013145295825072 -0.00462325928283347 0.90923855736968
0.138014358445774 -0.166449427310339 -0.17587742350765 -0.332473925236977 0.0215673698381649 0.142997481459118 0.811538105015278
0.138364358445774 -0.439883421793909 -0.157881916554899 -0.472861667522605 0.113177749398402 0.0817436494274511 0.841176192830598
0.138714358445774 -0.16067586162407 0.0644425153876208 -0.385139190040782 -0.0476633530342447 0.0655111023583742 0.852446215028664
